0.2 0.2 0 0 0 0 0
0.20247 0.198554 0.0329347 -0.0192818 0.219565 -0.128546 0.15
0.205534 0.199002 0.0283515 0.0282498 -0.0458326 0.475317 0.1
0.206166 0.199634 0.0221884 0.0222911 -0.246522 -0.238351 0.025
0.216138 0.207605 0.0917732 0.068802 0.397628 0.265777 0.175
0.251835 0.222643 0.193802 0.0515047 0.408116 -0.069189 0.25
0.285411 0.22783 0.253879 0.0176573 0.40051 -0.22565 0.15
0.316052 0.229356 0.236388 0.00675477 -0.139926 -0.08722 0.125
0.322016 0.229406 0.240655 -0.00277761 0.170661 -0.381295 0.025
0.360601 0.229913 0.200326 0.00857615 -0.230446 0.0648786 0.175
0.413742 0.23756 0.272039 0.0593933 0.318721 0.225854 0.225
0.42704 0.241104 0.259874 0.082373 -0.24329 0.459594 0.05
0.476049 0.261902 0.300225 0.15532 0.230575 0.416841 0.175
0.548545 0.308105 0.27974 0.214305 -0.0819391 0.235939 0.25
0.596415 0.351488 0.267353 0.281503 -0.0707826 0.383991 0.175
0.617695 0.371663 0.300102 0.256499 0.436653 -0.333397 0.075
0.632671 0.38486 0.298924 0.271356 -0.0235611 0.297143 0.05
0.667419 0.416094 0.257044 0.228398 -0.335042 -0.343658 0.125
0.702794 0.447801 0.308956 0.278913 0.415298 0.404116 0.125
0.748287 0.485008 0.297628 0.217175 -0.0755225 -0.411584 0.15
0.800135 0.522128 0.220851 0.154023 -0.383885 -0.31576 0.2
0.869525 0.551623 0.334271 0.081939 0.453681 -0.288336 0.25
0.878015 0.553779 0.34494 0.0905461 0.426772 0.344284 0.025
0.924236 0.564332 0.39459 0.0782974 0.397201 -0.0979897 0.125
0.934094 0.566333 0.394056 0.0818374 -0.0213765 0.141599 0.025
1.02581 0.592434 0.421163 0.150171 0.120474 0.303703 0.225
1.06942 0.608859 0.451051 0.17832 0.298884 0.281496 0.1
1.15359 0.647272 0.390715 0.205807 -0.301681 0.137434 0.2
1.21454 0.684069 0.305761 0.21474 -0.485453 0.0510456 0.175
1.27893 0.75115 0.209416 0.321904 -0.38538 0.428658 0.25
1.2951 0.773939 0.221656 0.285801 0.163202 -0.481382 0.075
1.33938 0.85211 0.132613 0.339571 -0.356172 0.215082 0.25
1.35535 0.893754 0.122853 0.326733 -0.0780793 -0.102705 0.125
1.37208 0.941693 0.10019 0.312446 -0.151085 -0.0952451 0.15
1.38477 0.979715 0.102838 0.29591 0.0211858 -0.132294 0.125
1.39517 1.04381 -0.0195942 0.216881 -0.489731 -0.316114 0.25
1.38341 1.09803 -0.0849349 0.265001 -0.290403 0.213866 0.225
1.37292 1.13142 -0.0829413 0.269241 0.015949 0.0339195 0.125
1.36596 1.1644 -0.0283846 0.258557 0.436453 -0.0854684 0.125
1.35674 1.21366 -0.0638051 0.233968 -0.177103 -0.122945 0.2
1.33666 1.27194 -0.114664 0.284152 -0.226039 0.22304 0.225
1.32698 1.29269 -0.143456 0.2692 -0.383894 -0.199362 0.075
1.29459 1.34903 -0.115703 0.181468 0.11101 -0.350927 0.25
1.28691 1.36361 -0.0891076 0.207368 0.354612 0.345322 0.075
1.26444 1.3999 -0.135615 0.155494 -0.232538 -0.259366 0.2
1.24112 1.41944 -0.175268 0.105076 -0.264351 -0.336125 0.15
1.23686 1.42199 -0.165514 0.0993825 0.390138 -0.227727 0.025
1.22051 1.43112 -0.161488 0.0831979 0.0402608 -0.161846 0.1
1.18699 1.45011 -0.221648 0.133789 -0.343772 0.289092 0.175
1.15907 1.46684 -0.150617 0.0892904 0.473542 -0.296658 0.15
1.12045 1.48477 -0.192627 0.0700511 -0.186711 -0.0855082 0.225
1.05815 1.49465 -0.305772 0.00904809 -0.452579 -0.244012 0.25
0.99419 1.48572 -0.20592 -0.0804885 0.399406 -0.358146 0.25
0.936387 1.46772 -0.256508 -0.0635362 -0.202349 0.0678094 0.25
0.909357 1.45984 -0.284089 -0.0939886 -0.275818 -0.304524 0.1
0.82337 1.438 -0.403809 -0.0807318 -0.478879 0.0530273 0.25
0.735506 1.42984 -0.474827 -0.00091252 -0.355088 0.399096 0.2
0.699049 1.42959 -0.497369 -0.00575125 -0.300557 -0.0645164 0.075
0.629235 1.42335 -0.433483 -0.0774212 0.425902 -0.477799 0.15
0.596753 1.41829 -0.432695 -0.0575676 0.0105053 0.264714 0.075
0.52752 1.41342 -0.358544 0.0019614 0.423721 0.340166 0.175
0.484678 1.41572 -0.326931 0.0347526 0.252903 0.26233 0.125
0.433827 1.41556 -0.351079 -0.0368555 -0.160982 -0.477388 0.15
0.352199 1.40796 -0.301948 -0.023954 0.196522 0.0516059 0.25
0.329724 1.40602 -0.297365 -0.0277268 0.0611012 -0.0503032 0.075
0.273059 1.3992 -0.206324 -0.032923 0.404629 -0.0230943 0.225
0.235504 1.40564 -0.0941192 0.0844736 0.448819 0.469586 0.25
0.226677 1.41322 -0.0824089 0.0670185 0.117103 -0.174551 0.1
0.224714 1.41489 -0.0746319 0.0670072 0.311077 -0.00044933 0.025
0.214375 1.44149 -0.0172732 0.16945 0.254928 0.455299 0.225
0.21165 1.46983 -0.00998089 0.113933 0.0364614 -0.277582 0.2
0.213325 1.50705 0.0248752 0.216862 0.154916 0.457462 0.225
0.218067 1.56224 0.017275 0.273773 -0.0337789 0.252937 0.225
0.21952 1.57619 0.0408235 0.284054 0.470971 0.205615 0.05
0.222278 1.60357 0.0143437 0.263527 -0.264798 -0.205265 0.1
0.236227 1.6699 0.109644 0.326093 0.423556 0.278069 0.225
0.256927 1.72532 0.0973646 0.228075 -0.0613963 -0.490089 0.2
0.261886 1.73613 0.10099 0.204243 0.0725138 -0.476637 0.05
0.301638 1.77478 0.217026 0.105009 0.464144 -0.396938 0.25
0.307094 1.77737 0.219411 0.102176 0.0953981 -0.113322 0.025
0.348841 1.79037 0.198057 0.0278209 -0.106768 -0.371773 0.2
0.358736 1.79117 0.19774 0.00428817 -0.00635157 -0.470654 0.05
0.391155 1.78135 0.0904338 -0.0915857 -0.476916 -0.426106 0.225
0.411133 1.76047 0.109349 -0.117296 0.0945747 -0.128551 0.2
0.432827 1.74341 0.138574 -0.0775682 0.167 0.227015 0.175
0.468508 1.7107 0.146881 -0.184124 0.0332285 -0.426225 0.25
0.489152 1.68536 0.183407 -0.221407 0.292211 -0.298263 0.125
0.51587 1.64283 0.0837798 -0.203902 -0.498138 0.0875248 0.2
0.537623 1.60247 0.164828 -0.257286 0.463134 -0.305048 0.175
0.566023 1.55774 0.119172 -0.18999 -0.228281 0.336479 0.2
0.594116 1.52848 0.161755 -0.102663 0.212914 0.436634 0.2
0.640068 1.49744 0.246705 -0.17327 0.377556 -0.313808 0.225
0.659315 1.48412 0.266556 -0.181737 0.264689 -0.112887 0.075
0.711741 1.458 0.332602 -0.116802 0.3774 0.371055 0.175
0.755141 1.44582 0.361797 -0.078091 0.233561 0.309689 0.125
0.791262 1.43699 0.360628 -0.0984314 -0.011685 -0.203405 0.1
0.818328 1.42914 0.361118 -0.110904 0.00652445 -0.166303 0.075
0.855557 1.41641 0.383473 -0.143697 0.223554 -0.327924 0.1
0.903414 1.39642 0.382229 -0.176282 -0.00994828 -0.260684 0.125
0.94264 1.37987 0.402302 -0.154654 0.200722 0.216282 0.1
0.995614 1.36219 0.445276 -0.128255 0.343797 0.211193 0.125
1.00672 1.35905 0.443548 -0.122631 -0.0691518 0.224938 0.025
1.11234 1.32621 0.495264 -0.16932 0.229852 -0.207506 0.225
1.13688 1.3172 0.486208 -0.190831 -0.181118 -0.430216 0.05
1.1944 1.29112 0.43414 -0.226516 -0.416543 -0.285477 0.125
1.20515 1.28541 0.426028 -0.230349 -0.324487 -0.153334 0.025
1.2565 1.25272 0.395542 -0.292648 -0.24389 -0.498389 0.125
1.27664 1.23761 0.410261 -0.311965 0.294382 -0.386345 0.05
1.35694 1.15676 0.303441 -0.406665 -0.474757 -0.420889 0.225
1.41568 1.08026 0.28404 -0.358284 -0.097004 0.241903 0.2
1.46703 0.989343 0.172346 -0.449912 -0.496419 -0.407235 0.225
1.49484 0.875896 0.0501843 -0.457662 -0.488645 -0.0309993 0.25
1.49369 0.773863 -0.0604474 -0.449301 -0.491696 0.037161 0.225
1.48092 0.684334 -0.0530726 -0.346512 0.0327766 0.456839 0.225
1.47557 0.657995 -0.0894959 -0.355848 -0.485643 -0.12448 0.075
1.47346 0.649068 -0.0791688 -0.358309 0.413083 -0.0984393 0.025
1.47133 0.640236 -0.0915809 -0.348278 -0.496484 0.401256 0.025
1.46686 0.62323 -0.0872736 -0.331946 0.0861458 0.326638 0.05
1.46457 0.614822 -0.0955915 -0.3407 -0.332714 -0.350158 0.025
1.43892 0.548138 -0.160881 -0.326147 -0.326449 0.0727641 0.2
1.39665 0.481244 -0.177304 -0.209004 -0.0656912 0.468571 0.25
1.35359 0.429744 -0.167213 -0.202993 0.0403641 0.0240442 0.25
1.31974 0.401453 -0.21965 -0.120331 -0.299638 0.472356 0.175
1.30895 0.394933 -0.211938 -0.140463 0.154226 -0.402648 0.05
1.29807 0.387541 -0.223056 -0.15525 -0.222359 -0.295744 0.05
1.23193 0.362219 -0.306102 -0.0473207 -0.332183 0.431719 0.25
1.19365 0.35904 -0.306267 -0.00354478 -0.00132273 0.350207 0.125
1.10378 0.352351 -0.412713 -0.0499674 -0.425781 -0.185691 0.25
1.07326 0.349536 -0.401205 -0.0251033 0.153439 0.331521 0.075