0 1.1 0.5 1.025 0.3 1.1 0.3 0 -1
1 0.3 0.11396 0.2 0 0.4 0 -1
2 0.5 1.4 0.65 1.325 0.636859 1.50938 -1
3 1 0.2 1.1 0.3 1.025 0.3 -1
4 0.775 0 0.747996 0.243578 0.65 0 -1
5 0 1.775 0.2 1.7 0.2 1.8 -1
6 0.9 0.3 0.9 0.2 1 0.2 -1
7 0.9 0.5 0.724839 0.4 0.9 0.3 -1
8 1.33889 1 1.1 1 1.1 0.9 -1
9 0.458837 0.152484 0.45467 0.338703 0.310515 0.265209 -1
10 0 1.6625 0 1.55 0.14452 1.56564 -1
11 0.329428 1.5712 0.5 1.4 0.460186 1.59012 -1
12 0.2 1.8 0.2 1.7 0.3 1.7 2 -1
13 0.3 1.8 0.375 2 0.25 2 -1
14 0.8 1.25 0.951515 1.36553 0.788687 1.42196 -1
15 0.460186 1.59012 0.3 1.7 0.329428 1.5712 -1
16 1.1 1.1 1.15108 1.29256 0.95 1.175 -1
17 0.3 1.7 0.3 1.8 0.2 1.8 2 -1
18 0.14452 1.56564 0 1.55 0.147155 1.3599 -1
19 0 1.875 0 1.775 0.2 1.8 -1
20 0.9 0 0.9 0.2 0.775 0 -1
21 1.51661 1.85 1.6 1.7 1.66748 1.85376 -1
22 1 0.2 1.025 0.3 0.9 0.3 -1
23 1.375 0 1.50486 0.135275 1.38417 0.196576 -1
24 1.25 0 1.15833 0.141667 1 0 -1
25 1.025 0.3 1 0.5 0.9 0.3 0 -1
26 1.38417 0.32453 1.4875 0.4 1.28085 0.4 -1
27 2 1 1.84567 1.12547 1.84271 0.884949 -1
28 1.1 0.5 1.1 0.3 1.28085 0.4 -1
29 0.9 0.5 0.9 0.3 1 0.5 0 -1
30 0 1.875 0.2 1.8 0.125 2 -1
31 1 0.5 1.05 0.7 0.868897 0.686682 -1
32 1.33682 1.22051 1.33889 1 1.46735 1.04277 -1
33 1.16913 0.776468 1.37703 0.864231 1.1 0.9 -1
34 1.51661 1.85 1.5 2 1.375 2 -1
35 1.43343 1.46829 1.62469 1.47771 1.5 1.6 -1
36 1.5 1.7 1.6 1.6 1.6 1.7 1 -1
37 1.6 1.6 1.5 1.7 1.5 1.6 1 -1
38 1.6 1.7 1.80938 1.65 1.66748 1.85376 -1
39 1.75 2 1.83426 1.83426 1.875 2 -1
40 1.28944 1.43589 1.46942 1.26389 1.43343 1.46829 -1
41 1.31119 1.79683 1.5 1.7 1.51661 1.85 -1
42 2 1.75 1.83426 1.83426 1.80938 1.65 -1
43 1.5 1.7 1.31119 1.79683 1.30771 1.61591 -1
44 0.446223 1.74147 0.3 1.7 0.460186 1.59012 -1
45 0.760452 0.541027 0.868897 0.686682 0.688337 0.667344 -1
46 0.3 1.8 0.25 2 0.2 1.8 -1
47 1.6 1.6 1.7464 1.45032 1.80938 1.65 -1
48 0.9 0.3 0.724839 0.4 0.747996 0.243578 -1
49 1.86382 1.52306 2 1.375 2 1.5 -1
50 0.59674 1.76259 0.675279 1.88006 0.5 2 -1
51 1.43343 1.46829 1.55 1.37778 1.62469 1.47771 -1
52 0.59 0.25 0.747996 0.243578 0.724839 0.4 -1
53 1.80938 1.65 1.6 1.7 1.6 1.6 -1
54 0 0.675 0.130122 0.749995 0 0.9 -1
55 1.30771 1.61591 1.31119 1.79683 1.1885 1.76302 -1
56 1.7464 1.45032 1.62469 1.47771 1.70367 1.26389 -1
57 1.7464 1.45032 1.6 1.6 1.62469 1.47771 -1
58 2 1.75 1.80938 1.65 1.86382 1.52306 -1
59 2 0.5 1.83809 0.525787 1.87994 0.408399 -1
60 0.446223 1.74147 0.375 2 0.3 1.8 -1
61 0.2 1.8 0.25 2 0.125 2 -1
62 1.49443 0.723862 1.30646 0.742136 1.38927 0.566989 -1
63 1.025 0.3 1.1 0.5 1 0.5 0 -1
64 1.1 0.5 1.05 0.7 1 0.5 -1
65 0.760452 0.541027 0.724839 0.4 0.9 0.5 -1
66 1.20323 0.621065 1.30646 0.742136 1.16913 0.776468 -1
67 1.16913 0.776468 1.1 0.9 1.05 0.7 -1
68 1.50901 0.913947 1.37703 0.864231 1.49443 0.723862 -1
69 0.760452 0.541027 0.9 0.5 0.868897 0.686682 -1
70 0.59 0.25 0.525 0 0.65 0 -1
71 0.760452 0.541027 0.613822 0.503045 0.724839 0.4 -1
72 1.15833 0.141667 1.25003 0.256395 1.1 0.3 -1
73 0.125 2 0 2 0 1.875 -1
74 1.50901 0.913947 1.33889 1 1.37703 0.864231 -1
75 1.05 0.7 1.20323 0.621065 1.16913 0.776468 -1
76 0.9625 0.9 0.825 0.9 0.868897 0.686682 -1
77 1.2443 1.10938 1.1 1 1.33889 1 -1
78 1.20323 0.621065 1.28085 0.4 1.38927 0.566989 -1
79 0.775 0 0.9 0.2 0.747996 0.243578 -1
80 0.747996 0.243578 0.59 0.25 0.65 0 -1
81 0.9 0.3 0.747996 0.243578 0.9 0.2 -1
82 1 0 1.15833 0.141667 1 0.2 -1
83 0.724839 0.4 0.613822 0.503045 0.59 0.25 -1
84 1 0.2 1.15833 0.141667 1.1 0.3 -1
85 1.5 0 1.50486 0.135275 1.375 0 -1
86 1.25003 0.256395 1.38417 0.196576 1.38417 0.32453 -1
87 1.25 0 1.38417 0.196576 1.15833 0.141667 -1
88 0.55 0.9 0.603501 0.774356 0.6875 0.9 -1
89 0.613822 0.503045 0.486123 0.704563 0.462376 0.500329 -1
90 1.20323 0.621065 1.05 0.7 1.1 0.5 -1
91 1.05 0.7 1.1 0.9 0.9625 0.9 -1
92 1.16913 0.776468 1.30646 0.742136 1.37703 0.864231 -1
93 1.1 0.5 1.28085 0.4 1.20323 0.621065 -1
94 1.38927 0.566989 1.28085 0.4 1.4875 0.4 -1
95 1.62021 0.678749 1.66516 0.804589 1.49443 0.723862 -1
96 1.30646 0.742136 1.20323 0.621065 1.38927 0.566989 -1
97 1.25003 0.256395 1.38417 0.32453 1.28085 0.4 -1
98 1.38417 0.32453 1.38417 0.196576 1.50486 0.135275 -1
99 0.9 0.5 1 0.5 0.868897 0.686682 -1
100 0.688337 0.667344 0.486123 0.704563 0.613822 0.503045 -1
101 0.9625 0.9 0.868897 0.686682 1.05 0.7 -1
102 0.825 0.9 0.688337 0.667344 0.868897 0.686682 -1
103 0.486123 0.704563 0.688337 0.667344 0.603501 0.774356 -1
104 0.3 0.11396 0.458837 0.152484 0.310515 0.265209 -1
105 0.688337 0.667344 0.613822 0.503045 0.760452 0.541027 -1
106 0.613822 0.503045 0.462376 0.500329 0.45467 0.338703 -1
107 1.53256 0.538892 1.62021 0.678749 1.49443 0.723862 -1
108 1.83809 0.525787 2 0.5 2 0.625 -1
109 1.46735 1.04277 1.68867 1.00433 1.55 1.15 -1
110 1.53256 0.538892 1.38927 0.566989 1.4875 0.4 -1
111 1.49443 0.723862 1.66516 0.804589 1.50901 0.913947 -1
112 1.50486 0.135275 1.4875 0.4 1.38417 0.32453 -1
113 1.81811 0.688511 2 0.625 2 0.75 -1
114 1.68867 1.00433 1.50901 0.913947 1.66516 0.804589 -1
115 1.46735 1.04277 1.50901 0.913947 1.68867 1.00433 -1
116 1.53256 0.538892 1.49443 0.723862 1.38927 0.566989 -1
117 1.81811 0.688511 1.62021 0.678749 1.67733 0.557943 -1
118 1.6463 0.364754 1.53256 0.538892 1.4875 0.4 -1
119 1.62021 0.678749 1.53256 0.538892 1.67733 0.557943 -1
120 1.37703 0.864231 1.33889 1 1.1 0.9 -1
121 1.49443 0.723862 1.37703 0.864231 1.30646 0.742136 -1
122 1.84271 0.884949 1.68867 1.00433 1.66516 0.804589 -1
123 1.84831 1.32885 2 1.25 2 1.375 -1
124 1.46942 1.26389 1.33682 1.22051 1.46735 1.04277 -1
125 1.33889 1 1.50901 0.913947 1.46735 1.04277 -1
126 1.81811 0.688511 1.84271 0.884949 1.66516 0.804589 -1
127 1.81811 0.688511 1.66516 0.804589 1.62021 0.678749 -1
128 2 0.75 2 1 1.84271 0.884949 -1
129 1.2443 1.10938 1.15108 1.29256 1.1 1.1 -1
130 0.2 1.7 0 1.775 0 1.6625 -1
131 1.1 1.1 1.1 1 1.2443 1.10938 -1
132 1.46942 1.26389 1.46735 1.04277 1.55 1.15 -1
133 1.33682 1.22051 1.28944 1.43589 1.15108 1.29256 -1
134 1.46942 1.26389 1.70367 1.26389 1.55 1.37778 -1
135 1.66748 1.85376 1.80938 1.65 1.83426 1.83426 -1
136 2 1.75 1.86382 1.52306 2 1.5 -1
137 1.5 1.6 1.62469 1.47771 1.6 1.6 -1
138 1.70367 1.26389 1.62469 1.47771 1.55 1.37778 -1
139 1.55 1.15 1.68867 1.00433 1.70367 1.26389 -1
140 1.84567 1.12547 2 1.25 1.84831 1.32885 -1
141 1.80938 1.65 1.7464 1.45032 1.86382 1.52306 -1
142 1.7464 1.45032 1.70367 1.26389 1.84831 1.32885 -1
143 1.84831 1.32885 1.70367 1.26389 1.84567 1.12547 -1
144 1.84567 1.12547 1.70367 1.26389 1.68867 1.00433 -1
145 1.84831 1.32885 1.86382 1.52306 1.7464 1.45032 -1
146 1.86382 1.52306 1.84831 1.32885 2 1.375 -1
147 1.1 0.3 1.25003 0.256395 1.28085 0.4 -1
148 0.458837 0.152484 0.525 0 0.59 0.25 -1
149 1.75 0 1.62148 0.203992 1.50486 0.135275 -1
150 1.15833 0.141667 1.38417 0.196576 1.25003 0.256395 -1
151 1.81811 0.688511 1.67733 0.557943 1.83809 0.525787 -1
152 1.38417 0.196576 1.25 0 1.375 0 -1
153 1.84271 0.884949 1.81811 0.688511 2 0.75 -1
154 1.6463 0.364754 1.62148 0.203992 1.80035 0.3125 -1
155 1.77253 0.156676 2 0.125 2 0.25 -1
156 1.30771 1.61591 1.43343 1.46829 1.5 1.6 -1
157 1.6463 0.364754 1.4875 0.4 1.62148 0.203992 -1
158 1.80035 0.3125 1.62148 0.203992 1.77253 0.156676 -1
159 1.83809 0.525787 2 0.625 1.81811 0.688511 -1
160 1.46942 1.26389 1.28944 1.43589 1.33682 1.22051 -1
161 1.70367 1.26389 1.46942 1.26389 1.55 1.15 -1
162 1.43343 1.46829 1.46942 1.26389 1.55 1.37778 -1
163 1.11116 1.46954 1.28944 1.43589 1.30771 1.61591 -1
164 1.15108 1.29256 1.28944 1.43589 1.11116 1.46954 -1
165 0.951515 1.36553 0.8 1.25 0.95 1.175 -1
166 1.13 1.65 0.967665 1.57574 1.11116 1.46954 -1
167 0.967665 1.57574 1.13 1.65 0.968235 1.78906 -1
168 1.15108 1.29256 0.951515 1.36553 0.95 1.175 -1
169 0.460186 1.59012 0.59674 1.76259 0.446223 1.74147 -1
170 0.967665 1.57574 0.951515 1.36553 1.11116 1.46954 -1
171 0.951515 1.36553 1.15108 1.29256 1.11116 1.46954 -1
172 0.951515 1.36553 0.967665 1.57574 0.788687 1.42196 -1
173 0.968235 1.78906 1.1885 1.76302 1.125 1.87331 -1
174 0.967665 1.57574 0.790116 1.59428 0.788687 1.42196 -1
175 0.636859 1.50938 0.788687 1.42196 0.790116 1.59428 -1
176 0.65 1.325 0.8 1.25 0.788687 1.42196 -1
177 0.66283 1.64328 0.636859 1.50938 0.790116 1.59428 -1
178 0.2 1.7 0.14452 1.56564 0.329428 1.5712 -1
179 0.781685 1.78708 0.66283 1.64328 0.790116 1.59428 -1
180 0.636859 1.50938 0.65 1.325 0.788687 1.42196 -1
181 0.375 2 0.446223 1.74147 0.5 2 -1
182 0.5 1.4 0.636859 1.50938 0.460186 1.59012 -1
183 0.460186 1.59012 0.636859 1.50938 0.66283 1.64328 -1
184 0.781685 1.78708 0.790116 1.59428 0.968235 1.78906 -1
185 0.460186 1.59012 0.66283 1.64328 0.59674 1.76259 -1
186 0.875 2 0.75 2 0.781685 1.78708 -1
187 0.790116 1.59428 0.967665 1.57574 0.968235 1.78906 -1
188 0.875 2 0.781685 1.78708 0.968235 1.78906 -1
189 0.781685 1.78708 0.59674 1.76259 0.66283 1.64328 -1
190 0.75 2 0.675279 1.88006 0.781685 1.78708 -1
191 0.25 1.46562 0.329428 1.5712 0.14452 1.56564 -1
192 0.107187 1.16431 0.214373 1.22862 0.147155 1.3599 -1
193 0.25 1.46562 0.357187 1.31431 0.5 1.4 -1
194 0.5 2 0.446223 1.74147 0.59674 1.76259 -1
195 0.3 1.8 0.3 1.7 0.446223 1.74147 -1
196 0.5 2 0.675279 1.88006 0.75 2 -1
197 0.59674 1.76259 0.781685 1.78708 0.675279 1.88006 -1
198 0.2 1.7 0.329428 1.5712 0.3 1.7 -1
199 0.147155 1.3599 0.357187 1.31431 0.25 1.46562 -1
200 0.5 1.4 0.329428 1.5712 0.25 1.46562 -1
201 1.33889 1 1.33682 1.22051 1.2443 1.10938 -1
202 1.15108 1.29256 1.2443 1.10938 1.33682 1.22051 -1
203 1.875 2 2 1.875 2 2 -1
204 1.83426 1.83426 1.75 2 1.66748 1.85376 -1
205 1.75 2 1.5 2 1.66748 1.85376 -1
206 1.83426 1.83426 2 1.75 2 1.875 -1
207 2 1.875 1.875 2 1.83426 1.83426 -1
208 1.51661 1.85 1.66748 1.85376 1.5 2 -1
209 1.80035 0.3125 1.77253 0.156676 2 0.25 -1
210 2 0.375 1.87994 0.408399 2 0.25 -1
211 1.87994 0.408399 1.80035 0.3125 2 0.25 -1
212 1.6463 0.364754 1.83809 0.525787 1.67733 0.557943 -1
213 1.62148 0.203992 1.75 0 1.77253 0.156676 -1
214 1.77253 0.156676 1.75 0 2 0 -1
215 2 0.5 1.87994 0.408399 2 0.375 -1
216 1.83809 0.525787 1.80035 0.3125 1.87994 0.408399 -1
217 1.83809 0.525787 1.6463 0.364754 1.80035 0.3125 -1
218 1.53256 0.538892 1.6463 0.364754 1.67733 0.557943 -1
219 0 1.6625 0.14452 1.56564 0.2 1.7 -1
220 0.968235 1.78906 1 2 0.875 2 -1
221 0.147155 1.3599 0 1.55 0 1.35 -1
222 0.968235 1.78906 1.125 1.87331 1 2 -1
223 0.147155 1.3599 0.214373 1.22862 0.357187 1.31431 -1
224 1.6 1.7 1.51661 1.85 1.5 1.7 -1
225 1.125 1.87331 1.25 2 1 2 -1
226 1.375 2 1.25 2 1.31119 1.79683 -1
227 1.11116 1.46954 1.30771 1.61591 1.13 1.65 -1
228 1.75 0 1.50486 0.135275 1.5 0 -1
229 1.50486 0.135275 1.62148 0.203992 1.4875 0.4 -1
230 0 1.225 0 1.1 0.107187 1.16431 -1
231 1.77253 0.156676 2 0 2 0.125 -1
232 0 1.225 0.107187 1.16431 0.147155 1.3599 -1
233 0.14452 1.56564 0.147155 1.3599 0.25 1.46562 -1
234 0 1.225 0.147155 1.3599 0 1.35 -1
235 1.1885 1.76302 0.968235 1.78906 1.13 1.65 -1
236 1.31119 1.79683 1.25 2 1.125 1.87331 -1
237 1.30771 1.61591 1.1885 1.76302 1.13 1.65 -1
238 1.31119 1.79683 1.125 1.87331 1.1885 1.76302 -1
239 1.43343 1.46829 1.30771 1.61591 1.28944 1.43589 -1
240 1.51661 1.85 1.375 2 1.31119 1.79683 -1
241 1.5 1.7 1.30771 1.61591 1.5 1.6 -1
242 0.144069 0.330333 0 0.45 0 0.225 -1
243 0.688337 0.667344 0.825 0.9 0.6875 0.9 -1
244 0.369175 0.614663 0.462376 0.500329 0.486123 0.704563 -1
245 0.6875 0.9 0.603501 0.774356 0.688337 0.667344 -1
246 0.55 0.9 0.486123 0.704563 0.603501 0.774356 -1
247 0 0.675 0.222654 0.6317 0.130122 0.749995 -1
248 0.275 0.9 0.31109 0.753702 0.4125 0.9 -1
249 0.138794 0.508723 0 0.45 0.144069 0.330333 -1
250 0.486123 0.704563 0.4125 0.9 0.31109 0.753702 -1
251 0.486123 0.704563 0.55 0.9 0.4125 0.9 -1
252 0.275857 0.450677 0.369175 0.614663 0.222654 0.6317 -1
253 0.222654 0.6317 0.369175 0.614663 0.31109 0.753702 -1
254 0.31109 0.753702 0.369175 0.614663 0.486123 0.704563 -1
255 0.275 0.9 0.1375 0.9 0.130122 0.749995 -1
256 0.31109 0.753702 0.275 0.9 0.130122 0.749995 -1
257 0.31109 0.753702 0.130122 0.749995 0.222654 0.6317 -1
258 0 0.675 0 0.5625 0.138794 0.508723 -1
259 0 0.9 0.130122 0.749995 0.1375 0.9 -1
260 0.462376 0.500329 0.369175 0.614663 0.275857 0.450677 -1
261 0.143085 0.150798 0 0 0.2 0 -1
262 0.275857 0.450677 0.222654 0.6317 0.138794 0.508723 -1
263 0.275857 0.450677 0.310515 0.265209 0.45467 0.338703 -1
264 0 0.675 0.138794 0.508723 0.222654 0.6317 -1
265 0 0.45 0.138794 0.508723 0 0.5625 -1
266 0 0.225 0 0 0.143085 0.150798 -1
267 0.144069 0.330333 0.275857 0.450677 0.138794 0.508723 -1
268 0.310515 0.265209 0.275857 0.450677 0.144069 0.330333 -1
269 0.458837 0.152484 0.3 0.11396 0.4 0 -1
270 0 0.225 0.143085 0.150798 0.144069 0.330333 -1
271 0.143085 0.150798 0.310515 0.265209 0.144069 0.330333 -1
272 0.525 0 0.458837 0.152484 0.4 0 -1
273 0.458837 0.152484 0.59 0.25 0.45467 0.338703 -1
274 0.2 0 0.3 0.11396 0.143085 0.150798 -1
275 0.143085 0.150798 0.3 0.11396 0.310515 0.265209 -1
276 1.84271 0.884949 1.84567 1.12547 1.68867 1.00433 -1
277 2 1 2 1.25 1.84567 1.12547 -1
278 0.613822 0.503045 0.45467 0.338703 0.59 0.25 -1
279 0.275857 0.450677 0.45467 0.338703 0.462376 0.500329 -1