0 0 0 1 0 0 1 0 -1
1 0.5 10 1 9 1.25 10 -1
2 0 1 1 0 1 1 0 -1
3 1 9 0 9.4375 0 8.875 -1
4 7.75 0 7.1875 1.04688 6.60714 0.684152 -1
5 1 1 1 0 1.5625 0 -1
6 3.75 10 3 9 4 9 -1
7 5.5 0 5 1 4.9375 0 -1
8 3.25 0 3 1 2.6875 0 -1
9 3 3.75 2 3.75 3 3.0625 -1
10 3 1 3.25 0 4 1 -1
11 4 9 4.375 10 3.75 10 -1
12 1 9 0 8.875 0 8.3125 -1
13 2 4.25 2 3.75 3 3.75 1 -1
14 2 9 1.875 10 1.25 10 -1
15 0 4.375 1 5 0 4.9375 -1
16 1 2 1 3 0 2.6875 -1
17 6.875 9.3125 6.25 10 6 9 -1
18 3 9 2 9 2 8.40625 -1
19 4 1 3.8125 0 4.375 0 -1
20 3 9 2.5 10 2 9 -1
21 3 4.25 3 4.84375 2 4.25 -1
22 7.88864 7.2334 7.21241 7.06503 8 6 -1
23 3 4.25 2 4.25 3 3.75 1 -1
24 3 2.375 2 1.875 3 1.6875 -1
25 3.125 10 2.5 10 3 9 -1
26 6.95811 6.41622 7.19618 5.5 8 6 -1
27 2 9 1.25 10 1 9 -1
28 4 5.3125 5 6.03125 4 6.03125 -1
29 5 1 5.5 0 6 1 -1
30 6.60714 0.684152 6 1 6.0625 0 -1
31 5 1 4 1.71875 4 1 -1
32 10 5 9 6 9 5 3 -1
33 0 1.5625 1 1 1 2 -1
34 7.74289 9.15135 8.125 10 7.5 10 -1
35 8 6 8 5 9 6 3 -1
36 1 7 0 7.1875 0 6.625 -1
37 7.77 2.47495 7.22406 3.33715 6.84407 2.39002 -1
38 10 4 9 4 9.26897 3.26897 -1
39 6.57494 1.5 6 2 6 1 -1
40 4 6.75 5 6.75 4 7.25 2 -1
41 0 8.3125 0 7.75 1 8 -1
42 4.375 0 5 1 4 1 -1
43 5 8.125 4 7.25 5 7.25 -1
44 4 7.25 5 6.75 5 7.25 2 -1
45 5.625 10 5 9 6 9 -1
46 5 8.125 5 9 4 9 -1
47 1 6 1 7 0 6.625 -1
48 5 10 5 9 5.625 10 -1
49 2 1 1.5625 0 2.125 0 -1
50 7.5 10 6.25 10 6.875 9.3125 -1
51 0 9.4375 0.5 10 0 10 -1
52 7.74289 9.15135 7.5 10 6.875 9.3125 -1
53 4.375 10 5 9 5 10 -1
54 0 3.8125 0 3.25 1 4 -1
55 2.6875 0 2 1 2.125 0 -1
56 1 9 0.5 10 0 9.4375 -1
57 1 6 0 6.0625 0 5.5 -1
58 2 3.75 2 2.75 3 3.0625 -1
59 6.0625 0 6.625 0 6.60714 0.684152 -1
60 5 1 4.375 0 4.9375 0 -1
61 2 1 2.6875 0 3 1 -1
62 3 1.6875 2 1 3 1 -1
63 1 5 0 4.375 1 4 -1
64 5 9 4.375 10 4 9 -1
65 2 9 2.5 10 1.875 10 -1
66 0 3.25 1 3 1 4 -1
67 0 2.6875 0 2.125 1 2 -1
68 1 1 0 1.5625 0 1 -1
69 7.11784 8.20269 6.66796 7.5 7.21241 7.06503 -1
70 9.17848 8.84963 8.75 10 8.47671 9.30242 -1
71 6.875 9.3125 7.11784 8.20269 7.74289 9.15135 -1
72 7.11784 8.20269 7.86163 8.00305 7.74289 9.15135 -1
73 8 6 8.5 6.66687 7.88864 7.2334 -1
74 6 8 7.11784 8.20269 6.61007 8.67306 -1
75 8.5 6.66687 9.27382 6.72618 9.00495 7.72336 -1
76 6.875 9.3125 6 9 6.61007 8.67306 -1
77 9.17848 8.84963 9.5 10 8.75 10 -1
78 6 7 6.66796 7.5 6 8 -1
79 7.11784 8.20269 6 8 6.66796 7.5 -1
80 6 8 6.61007 8.67306 6 9 -1
81 8.39605 8.55757 8.47671 9.30242 7.74289 9.15135 -1
82 7.11784 8.20269 6.875 9.3125 6.61007 8.67306 -1
83 10 9 9.17848 8.84963 9.39747 8.23939 -1
84 8.47671 9.30242 8.125 10 7.74289 9.15135 -1
85 8.125 10 8.47671 9.30242 8.75 10 -1
86 8.39605 8.55757 9.00495 7.72336 9.39747 8.23939 -1
87 8.39605 8.55757 9.17848 8.84963 8.47671 9.30242 -1
88 10 9 10 10 9.5 10 -1
89 9.5 10 9.17848 8.84963 10 9 -1
90 2 6.625 3 6.625 2 7.21875 -1
91 3 5.4375 2 5.9375 2 5.25 -1
92 5 3.875 4 3.875 4 3.15625 -1
93 4 1 3.25 0 3.8125 0 -1
94 3 9 3.75 10 3.125 10 -1
95 5 4.59375 4 3.875 5 3.875 -1
96 4 7.25 5 8.125 4 8.125 -1
97 1 7 0 7.75 0 7.1875 -1
98 0 7.75 1 7 1 8 -1
99 5 8.125 4 9 4 8.125 -1
100 10 1 10 2 9.30023 1.67944 -1
101 0 5.5 1 5 1 6 -1
102 6 9 6.25 10 5.625 10 -1
103 1 1 1.5625 0 2 1 -1
104 6 2 6.57494 1.5 6.84407 2.39002 -1
105 2 2.75 3 2.375 3 3.0625 -1
106 6 1 5.5 0 6.0625 0 -1
107 6.95811 6.41622 6.66796 7.5 6 7 -1
108 3 2.375 2 2.75 2 1.875 -1
109 2 1 3 1.6875 2 1.875 -1
110 1 4 0 4.375 0 3.8125 -1
111 1 5 0 5.5 0 4.9375 -1
112 1 3 0 3.25 0 2.6875 -1
113 1 2 0 2.125 0 1.5625 -1
114 6.66796 7.5 6.95811 6.41622 7.21241 7.06503 -1
115 6.68607 5.03953 6 5.5 6 5 -1
116 8 6 7.19618 5.5 8 5 -1
117 3 7.21875 3 7.8125 2 7.21875 -1
118 3 7.8125 2 8.40625 2 7.8125 -1
119 3 6.03125 2 6.625 2 5.9375 -1
120 2 5.25 3 4.84375 3 5.4375 -1
121 4 6.75 5 6.03125 5 6.75 -1
122 4 5.3125 5 4.59375 5 5.3125 -1
123 5 1.71875 5 2.4375 4 1.71875 -1
124 5 2.4375 4 3.15625 4 2.4375 -1
125 7.75 0 6.60714 0.684152 6.625 0 -1
126 1 9 0 8.3125 1 8 -1
127 1 6 0 6.625 0 6.0625 -1
128 6.57494 1.5 6.60714 0.684152 7.1875 1.04688 -1
129 8 6 9 6 8.5 6.66687 -1
130 7.75 0 7.97732 0.796701 7.1875 1.04688 -1
131 6.65404 3.01605 7.22406 3.33715 6.67075 3.77702 -1
132 7.74289 9.15135 7.86163 8.00305 8.39605 8.55757 -1
133 8 5 7.19618 5.5 6.97394 4.41553 -1
134 6.95811 6.41622 6 7 6 6 -1
135 10 6 9 6 10 5 3 -1
136 3 7.8125 2 7.8125 2 7.21875 -1
137 2 7.21875 3 6.625 3 7.21875 -1
138 3 9 2 8.40625 3 8.40625 -1
139 2 8.40625 3 7.8125 3 8.40625 -1
140 2 6.625 3 6.03125 3 6.625 -1
141 2 5.9375 3 5.4375 3 6.03125 -1
142 4 3.875 5 4.59375 4 4.59375 -1
143 2 4.25 3 4.84375 2 5.25 -1
144 5 4.59375 4 5.3125 4 4.59375 -1
145 4 5.3125 5 5.3125 5 6.03125 -1
146 5 6.03125 4 6.75 4 6.03125 -1
147 5 3.875 4 3.15625 5 3.15625 -1
148 4 3.15625 5 2.4375 5 3.15625 -1
149 5 2.4375 4 2.4375 4 1.71875 -1
150 4 1.71875 5 1 5 1.71875 -1
151 9.29964 0.725181 10 0 10 1 -1
152 8.5 3.14472 9.41415 2.5 9.26897 3.26897 -1
153 8 6 7.21241 7.06503 6.95811 6.41622 -1
154 7.16522 1.80721 7.1875 1.04688 7.80593 1.62746 -1
155 7.21241 7.06503 7.88864 7.2334 7.86163 8.00305 -1
156 6 6 7.19618 5.5 6.95811 6.41622 -1
157 7.37906 3.9413 7.22406 3.33715 8 4 -1
158 7.22406 3.33715 8.5 3.14472 8 4 -1
159 8 5 8 4 9 4 3 -1
160 9.00495 7.72336 7.88864 7.2334 8.5 6.66687 -1
161 9 5 9 6 8 5 3 -1
162 8.70714 1.18884 8.3125 0 8.875 0 -1
163 8.70714 1.18884 8.71425 2.1785 7.80593 1.62746 -1
164 6.60714 0.684152 6.57494 1.5 6 1 -1
165 6.57494 1.5 7.16522 1.80721 6.84407 2.39002 -1
166 7.97732 0.796701 7.80593 1.62746 7.1875 1.04688 -1
167 8.71425 2.1785 8.5 3.14472 7.77 2.47495 -1
168 7.77 2.47495 8.5 3.14472 7.22406 3.33715 -1
169 6 3 6 2 6.84407 2.39002 -1
170 8.70714 1.18884 7.80593 1.62746 7.97732 0.796701 -1
171 7.16522 1.80721 7.77 2.47495 6.84407 2.39002 -1
172 6.97394 4.41553 7.37906 3.9413 8 5 -1
173 6 3 6.84407 2.39002 6.65404 3.01605 -1
174 7.1875 1.04688 7.16522 1.80721 6.57494 1.5 -1
175 7.77 2.47495 7.16522 1.80721 7.80593 1.62746 -1
176 9 4 10 4 10 5 3 -1
177 7.19618 5.5 6 6 6 5.5 -1
178 8.5 3.14472 9 4 8 4 -1
179 10 6 10 7 9.27382 6.72618 -1
180 9 6 9.27382 6.72618 8.5 6.66687 -1
181 10 7 9.00495 7.72336 9.27382 6.72618 -1
182 10 6 9.27382 6.72618 9 6 -1
183 9.00495 7.72336 10 7 10 8 -1
184 7.80593 1.62746 8.71425 2.1785 7.77 2.47495 -1
185 10 4 9.26897 3.26897 10 3 -1
186 8.70714 1.18884 9.30023 1.67944 8.71425 2.1785 -1
187 10 3 9.41415 2.5 10 2 -1
188 9 4 8.5 3.14472 9.26897 3.26897 -1
189 9.41415 2.5 8.5 3.14472 8.71425 2.1785 -1
190 9.30023 1.67944 8.70714 1.18884 9.29964 0.725181 -1
191 9.29964 0.725181 8.875 0 9.5 0 -1
192 9.41415 2.5 9.30023 1.67944 10 2 -1
193 7.19618 5.5 6.68607 5.03953 6.97394 4.41553 -1
194 6.67075 3.77702 6 3 6.65404 3.01605 -1
195 6.84407 2.39002 7.22406 3.33715 6.65404 3.01605 -1
196 7.22406 3.33715 7.37906 3.9413 6.67075 3.77702 -1
197 9.26897 3.26897 9.41415 2.5 10 3 -1
198 9.30023 1.67944 9.41415 2.5 8.71425 2.1785 -1
199 8 5 7.37906 3.9413 8 4 -1
200 8.3125 0 8.70714 1.18884 7.97732 0.796701 -1
201 7.97732 0.796701 7.75 0 8.3125 0 -1
202 6.67075 3.77702 7.37906 3.9413 6.97394 4.41553 -1
203 6 5.5 6.68607 5.03953 7.19618 5.5 -1
204 6 5 6.97394 4.41553 6.68607 5.03953 -1
205 9.5 0 10 0 9.29964 0.725181 -1
206 6.97394 4.41553 6 5 6 4 -1
207 6.97394 4.41553 6 4 6.67075 3.77702 -1
208 6.67075 3.77702 6 4 6 3 -1
209 9.30023 1.67944 9.29964 0.725181 10 1 -1
210 8.875 0 9.29964 0.725181 8.70714 1.18884 -1
211 7.21241 7.06503 7.86163 8.00305 7.11784 8.20269 -1
212 9.00495 7.72336 7.86163 8.00305 7.88864 7.2334 -1
213 9 4 10 5 9 5 3 -1
214 8 5 9 4 9 5 3 -1
215 9.39747 8.23939 9.00495 7.72336 10 8 -1
216 9.00495 7.72336 8.39605 8.55757 7.86163 8.00305 -1
217 10 9 9.39747 8.23939 10 8 -1
218 8.39605 8.55757 9.39747 8.23939 9.17848 8.84963 -1
