0 8 3 7 4.5 7 3 -1
1 12.25 9 13.5 7 13.375 9 7 -1
2 4 2.5 4 4.5 3 3.5 -1
3 13.5 7 12.25 9 12 7 7 -1
4 4 4.5 4 5.5 2 5.5 0 -1
5 4 2.5 2.67857 2.17857 4 1 -1
6 24 4.5 22 5.5 22 4.5 4 -1
7 14 3 13 3 14 1 9 -1
8 28.7997 3.29975 30 4 29.5 4.5 -1
9 29.5 5.5 30 5 30 6 -1
10 24.5 9 23.5 7 25 7 8 -1
11 23.5 7 22.25 9 22 7 8 -1
12 6 7 7 5.5 7 7 -1
13 13 3 14 4.5 12 4.5 -1
14 10 4 9 4 9 3 -1
15 20.5 3 22 3 22 4.5 -1
16 7 4.5 8 3 9 4 -1
17 10 4.5 10 4 12 4.5 -1
18 7 4.5 7 5.5 5 5.5 1 -1
19 5 3 6 3 5 4.5 -1
20 14 4.5 14 5.5 12 5.5 2 -1
21 10.5 3 12 4.5 10 4 -1
22 27.3972 5.89719 26 7 26.6429 5 -1
23 28.7997 3.29975 29.5 4.5 28.5 4.5 -1
24 14 4.5 12 5.5 12 4.5 2 -1
25 13 3 12 3 12.875 1 9 -1
26 1 7 2 5.5 2 7 -1
27 14.5 9 13.5 7 15 7 7 -1
28 3.5 7 2 5.5 4 6 -1
29 2 5.5 2 4.5 4 4.5 0 -1
30 16 7 15.625 9 15 7 7 -1
31 8 3 8.375 1 9 3 9 -1
32 2.25 9 3.5 7 3.375 9 6 -1
33 2 5.5 4 5.5 4 6 -1
34 2 1 1.5 3 1 1 -1
35 5 6 5 7 4 6 -1
36 13.5 7 12 7 12 5.5 -1
37 2 5.5 1 7 0 5.5 -1
38 1.125 9 1 7 2 7 6 -1
39 2 5.5 0 4.5 2 4.5 0 -1
40 5 5.5 7 5.5 5 6 -1
41 20.5 3 21.75 1 22 3 10 -1
42 17.25 1 18 3 17 3 10 -1
43 4 6 5 7 3.5 7 -1
44 12 5.5 14 6 13.5 7 -1
45 26 7 25.625 9 25 7 8 -1
46 10 4.5 12 4.5 12 5.5 2 -1
47 14 6 12 5.5 14 5.5 -1
48 0 7 1 7 0 9 6 -1
49 7.25 1 8 3 7 3 9 -1
50 4.5 9 3.5 7 5 7 6 -1
51 14 6 15 6 15 7 -1
52 13 3 12 4.5 12 3 -1
53 24 6 25 7 23.5 7 -1
54 11 7 10 5.5 12 5.5 -1
55 7 5.5 6 7 5 6 -1
56 5 4.5 7 4.5 5 5.5 1 -1
57 10 5.5 10 4.5 12 5.5 2 -1
58 21.75 1 20.5 3 20.625 1 10 -1
59 10.5 3 11.75 1 12 3 9 -1
60 26.75 9 26 7 27 7 8 -1
61 24 3 23 3 24 1 10 -1
62 29.5 4.5 30 4 30 5 -1
63 22 4.5 23 3 24 4.5 -1
64 22 3 22.875 1 23 3 10 -1
65 18 3 19 4 17 4.5 -1
66 30 6 30 7 29 7 -1
67 17 4.5 19 4.5 17 5.5 3 -1
68 15 4.5 17 5.5 15 5.5 3 -1
69 16 7 17 5.5 17 7 -1
70 17 4.5 19 4 19 4.5 -1
71 18 3 17 4.5 17 3 -1
72 20 4 20.5 3 22 4.5 -1
73 16.75 9 16 7 17 7 7 -1
74 10 4 9 3 10.5 3 -1
75 14 6 15 7 13.5 7 -1
76 3.5 7 2 7 2 5.5 -1
77 5 4.5 6 3 7 4.5 -1
78 0 5.5 0 4.5 2 5.5 0 -1
79 30 1 30 3 29 1 -1
80 20 4 22 4.5 20 4.5 -1
81 20 5.5 20 4.5 22 5.5 4 -1
82 19.5 1 20.5 3 19 3 10 -1
83 26.0105 2.73827 26 1 26.75 1.894 -1
84 27.102 3.00656 28.7997 3.29975 27.4033 4.12556 -1
85 22 5.5 24 4.5 24 5.5 4 -1
86 29 7 30 7 30 9 -1
87 19 4 19 3 20 4 -1
88 23 3 22 4.5 22 3 -1
89 29.5 5.5 28.5 4.5 29.5 4.5 5 -1
90 16 7 15 6 17 5.5 -1
91 17 5.5 15 6 15 5.5 -1
92 6.75 9 6 7 7 7 6 -1
93 22 5.5 20 4.5 22 4.5 4 -1
94 10.5 3 12 3 12 4.5 -1
95 24 5.5 24 6 22 5.5 -1
96 10 7 11 7 10 9 7 -1
97 20 4 19 3 20.5 3 -1
98 11.75 1 10.5 3 10.625 1 9 -1
99 24 6 25 6 25 7 -1
100 21 7 22 5.5 22 7 -1
101 11 7 12 5.5 12 7 -1
102 24 6 23.5 7 22 5.5 -1
103 11 7 12 7 11.125 9 7 -1
104 22 5.5 21 7 20 5.5 -1
105 18 3 18.375 1 19 3 10 -1
106 26 7 25 6 26.6429 5 -1
107 29.5 5.5 28.5 5.5 28.5 4.5 5 -1
108 23.5 7 22 7 22 5.5 -1
109 29 7 28.5 5.5 29.5 5.5 -1
110 20 7 21 7 20 9 8 -1
111 29 9 29 7 30 9 -1
112 22.25 9 23.5 7 23.375 9 8 -1
113 9 4 9 4.5 7 4.5 -1
114 30 6 29 7 29.5 5.5 -1
115 9.5 1 10.5 3 9 3 9 -1
116 29.5 4.5 30 5 29.5 5.5 -1
117 22 7 21.125 9 21 7 8 -1
118 27.4033 4.12556 27.3972 5.89719 26.6429 5 -1
119 3.5 7 2.25 9 2 7 6 -1
120 6.125 1 6 3 5 1 9 -1
121 6 7 5.625 9 5 7 6 -1
122 8 7 9 5.5 9 7 -1
123 9 4.5 9 5.5 7 4.5 1 -1
124 7 4.5 9 5.5 7 5.5 1 -1
125 7 3 6.125 1 7.25 1 9 -1
126 7.875 9 8 7 9 9 6 -1
127 9 5.5 8 7 7 5.5 -1
128 7 7 7.875 9 6.75 9 6 -1
129 28 7 27.3972 5.89719 28.5 5.5 -1
130 27.875 9 28 7 29 9 8 -1
131 27 7 27.875 9 26.75 9 8 -1
132 18 7 19 5.5 19 7 -1
133 19 4.5 19 5.5 17 5.5 3 -1
134 16 3 15 4.5 15 3 -1
135 17 5.5 15 4.5 17 4.5 3 -1
136 17.875 9 18 7 19 9 7 -1
137 19 5.5 18 7 17 5.5 -1
138 16.125 1 16 3 15 1 10 -1
139 15 4.5 16 3 17 4.5 -1
140 17 7 17.875 9 16.75 9 7 -1
141 17 3 16.125 1 17.25 1 10 -1
142 25 3.5 26.1902 3.84612 25 4.75 -1
143 27.4033 4.12556 28.5 5.5 27.3972 5.89719 -1
144 27.5 1 26.75 1.894 26 1 -1
145 2 1 2.67857 2.17857 1.5 3 -1
146 2 1 4 1 2.67857 2.17857 -1
147 12 3 11.75 1 12.875 1 9 -1
148 0 4.5 0 2.5 1.5 3 -1
149 2 7 2.25 9 1.125 9 6 -1
150 22 3 21.75 1 22.875 1 10 -1
151 12 7 12.25 9 11.125 9 7 -1
152 22 7 22.25 9 21.125 9 8 -1
153 5 1 6 3 5 3 9 -1
154 9 3 8.375 1 9.5 1 9 -1
155 9 3 9 4 8 3 -1
156 9 9 8 7 9 7 6 -1
157 5 7 5.625 9 4.5 9 6 -1
158 5 7 5 6 6 7 -1
159 29 9 28 7 29 7 8 -1
160 25 7 25.625 9 24.5 9 8 -1
161 25 7 25 6 26 7 -1
162 19 9 18 7 19 7 7 -1
163 15 1 16 3 15 3 10 -1
164 15 7 15.625 9 14.5 9 7 -1
165 15 7 15 6 16 7 -1
166 19 3 18.375 1 19.5 1 10 -1
167 19 3 19 4 18 3 -1
168 28 7 28.5 5.5 29 7 -1
169 26 7 27.3972 5.89719 27 7 -1
170 1.5 3 3 3.5 2 4.5 -1
171 26.6429 5 25 6 25 4.75 -1
172 28.5 5.5 27.4033 4.12556 28.5 4.5 -1
173 4 4.5 2 4.5 3 3.5 -1
174 1 1 1.5 3 0 2.5 -1
175 0 4.5 1.5 3 2 4.5 -1
176 4 2.5 3 3.5 2.67857 2.17857 -1
177 1.5 3 2.67857 2.17857 3 3.5 -1
178 14 1 13 3 12.875 1 9 -1
179 0 2.5 0 1 1 1 -1
180 14 3 14 4.5 13 3 -1
181 0 9 1 7 1.125 9 6 -1
182 0 7 0 5.5 1 7 -1
183 24 1 23 3 22.875 1 10 -1
184 24 3 24 4.5 23 3 -1
185 10 9 11 7 11.125 9 7 -1
186 10 7 10 5.5 11 7 -1
187 20 9 21 7 21.125 9 8 -1
188 20 7 20 5.5 21 7 -1
189 6.125 1 7 3 6 3 9 -1
190 7 3 7 4.5 6 3 -1
191 7.875 9 7 7 8 7 6 -1
192 7 7 7 5.5 8 7 -1
193 27.875 9 27 7 28 7 8 -1
194 27 7 27.3972 5.89719 28 7 -1
195 17.875 9 17 7 18 7 7 -1
196 17 7 17 5.5 18 7 -1
197 16.125 1 17 3 16 3 10 -1
198 17 3 17 4.5 16 3 -1
199 28.25 2.19149 27.102 3.00656 26.75 1.894 -1
200 27.102 3.00656 27.4033 4.12556 26.1902 3.84612 -1
201 27.5 1 29 1 28.25 2.19149 -1
202 29 1 30 3 28.25 2.19149 -1
203 28.7997 3.29975 28.25 2.19149 30 3 -1
204 26.1902 3.84612 27.4033 4.12556 26.6429 5 -1
205 28.7997 3.29975 27.102 3.00656 28.25 2.19149 -1
206 28.7997 3.29975 30 3 30 4 -1
207 27.4033 4.12556 28.7997 3.29975 28.5 4.5 -1
208 25 4.75 26.1902 3.84612 26.6429 5 -1
209 13.5 7 14.5 9 13.375 9 7 -1
210 3.5 7 4.5 9 3.375 9 6 -1
211 20.5 3 19.5 1 20.625 1 10 -1
212 10.5 3 9.5 1 10.625 1 9 -1
213 23.5 7 24.5 9 23.375 9 8 -1
214 8 3 7.25 1 8.375 1 9 -1
215 6 7 6.75 9 5.625 9 6 -1
216 26 7 26.75 9 25.625 9 8 -1
217 16 7 16.75 9 15.625 9 7 -1
218 18 3 17.25 1 18.375 1 10 -1
219 26.0105 2.73827 25 3.5 25 2.25 -1
220 25 2.25 25 1 26 1 -1
221 26.0105 2.73827 26.1902 3.84612 25 3.5 -1
222 28.25 2.19149 26.75 1.894 27.5 1 -1
223 27.102 3.00656 26.1902 3.84612 26.0105 2.73827 -1
224 26 1 26.0105 2.73827 25 2.25 -1
225 27.102 3.00656 26.0105 2.73827 26.75 1.894 -1
