2.5 2 0 0 0 0 0
2.48661 2.01794 -0.0892344 0.11962 -0.297448 0.398733 0.3
2.41529 2.097 -0.267409 0.275641 -0.445437 0.390053 0.4
1.99288 2.38021 -0.67128 0.353717 -0.448745 0.0867509 0.9
1.61479 2.62893 -0.273938 0.268084 0.496677 -0.107041 0.8
1.58917 2.6567 -0.238346 0.287446 0.355918 0.193617 0.1
1.50797 3.04529 0.0578959 0.576077 0.329158 0.320701 0.9
1.4403 3.46739 -0.227073 0.479168 -0.356211 -0.121136 0.8
1.39825 3.55802 -0.19345 0.427209 0.168116 -0.259792 0.2
1.3484 3.86469 0.0688305 0.339446 0.32785 -0.109704 0.8
1.36069 4.16936 -0.0337204 0.531057 -0.146501 0.27373 0.7
1.36069 4.67289 0.0337168 0.727753 0.0842966 0.24587 0.8
1.38729 5.02058 0.0549464 0.431234 0.0353826 -0.494197 0.6
1.49923 5.4704 0.168933 0.468406 0.113987 0.0371715 1
1.54717 5.72772 0.0228568 0.560875 -0.292153 0.184938 0.5
1.63758 6.21552 0.178037 0.523124 0.172422 -0.041946 0.9
1.66322 6.46342 -0.0925535 0.303189 -0.450984 -0.366559 0.6
1.65536 6.56027 0.0401093 0.342494 0.442209 0.13102 0.3
1.84016 6.78309 0.421898 0.214566 0.477236 -0.159911 0.8
2.10696 6.91245 0.645328 0.30286 0.44686 0.176588 0.5
2.5835 7.02561 0.546023 -0.0199647 -0.124131 -0.403531 0.8
2.96525 7.03499 0.726449 0.0512504 0.300709 0.118692 0.6
3.40284 7.0598 0.732198 0.0314254 0.00958165 -0.0330417 0.6
3.47743 7.06174 0.759682 0.00736862 0.274843 -0.240568 0.1
3.77693 7.08939 0.737809 0.130877 -0.0546812 0.30877 0.4
3.92995 7.10911 0.792389 0.0664121 0.272898 -0.322324 0.2
4.08861 7.1283 0.794184 0.12543 0.00897551 0.295087 0.2
4.33824 7.17079 0.870032 0.157843 0.252827 0.108044 0.3
4.96943 7.128 0.532611 -0.25294 -0.374912 -0.456425 0.9
5.36473 6.88971 0.78504 -0.541353 0.420715 -0.480688 0.6
5.7918 6.48036 0.638544 -0.823139 -0.24416 -0.469644 0.6
6.05743 6.02518 0.423964 -0.997569 -0.429161 -0.34886 0.5
6.28662 5.50837 0.340016 -0.725128 -0.139912 0.454069 0.6
6.69644 4.88683 0.57069 -0.656074 0.256304 0.0767264 0.9
7.13346 4.28877 0.521858 -0.839089 -0.0610397 -0.228769 0.8
7.47195 3.76961 0.606453 -0.891442 0.140992 -0.0872549 0.6
7.53306 3.67886 0.615589 -0.923617 0.0913566 -0.321744 0.1
7.59599 3.58445 0.643127 -0.964571 0.27538 -0.409549 0.1
7.99095 2.96562 0.485315 -0.803492 -0.225445 0.230113 0.7
8.44555 2.47801 0.651201 -0.415537 0.207358 0.484944 0.8
8.82859 2.3152 0.880935 -0.235705 0.459468 0.359664 0.5
9.24552 2.20631 0.786782 -0.199883 -0.188306 0.071645 0.5
9.68554 2.14196 0.973302 -0.0574881 0.373039 0.284789 0.5
9.78365 2.13384 0.98892 -0.104934 0.156181 -0.474463 0.1
10.6276 1.98233 0.698931 -0.198083 -0.289989 -0.0931481 1
11.246 1.93605 0.537916 0.105523 -0.161015 0.303606 1
11.3495 1.9586 0.497322 0.119938 -0.20297 0.0720741 0.2
11.4503 1.98227 0.510043 0.116795 0.0636073 -0.0157148 0.2
11.7133 2.32396 0.0159602 0.566587 -0.494083 0.449792 1
11.7083 2.47831 -0.0489988 0.462367 -0.21653 -0.3474 0.3
11.6841 2.61045 -0.112302 0.418573 -0.21101 -0.145979 0.3
11.6341 3.01914 -0.0305072 0.749119 0.116849 0.472208 0.7
11.7197 3.60393 0.201708 0.420462 0.232215 -0.328657 1
11.8357 3.7669 0.378117 0.3944 0.441021 -0.0651539 0.4
12.0097 3.98616 0.317898 0.482637 -0.120437 0.176474 0.5
12.0655 4.07958 0.240323 0.451542 -0.387876 -0.155477 0.2
12.17 4.25328 0.28193 0.416935 0.104017 -0.0865173 0.4
12.4211 4.57832 0.555117 0.666546 0.455312 0.416019 0.6
12.9405 5.19647 0.599179 0.707127 0.0489579 0.0450898 0.9
13.0574 5.33164 0.570057 0.644567 -0.145613 -0.312804 0.2
13.2358 5.51195 0.61896 0.557461 0.163013 -0.290351 0.3
13.5872 5.78559 0.552541 0.354696 -0.110699 -0.337942 0.6
14.016 6.29317 0.400363 0.773247 -0.169087 0.465057 0.9
14.0992 6.45066 0.431025 0.801698 0.153308 0.142253 0.2
14.5946 7.0429 0.807583 0.678905 0.470698 -0.153491 0.8
15.0821 7.49474 0.411022 0.450684 -0.495702 -0.285276 0.8
15.5295 7.90016 0.707549 0.562868 0.37066 0.14023 0.8
15.921 8.15584 0.858545 0.45984 0.301991 -0.206057 0.5
16.7298 8.38601 0.758937 0.000501534 -0.0996077 -0.459338 1
17.3832 8.22389 0.693242 -0.360773 -0.0729939 -0.401416 0.9
17.7812 7.78831 0.301591 -0.728163 -0.489565 -0.459238 0.8
17.9483 7.27711 0.255599 -0.975834 -0.0766525 -0.412785 0.6
18.0916 6.495 0.102633 -0.979438 -0.191208 -0.00450546 0.8
18.1077 6.309 0.0576746 -0.880559 -0.22479 0.494398 0.2
18.1533 5.84651 0.124934 -0.969431 0.134519 -0.177745 0.5
18.179 5.38591 -0.0223622 -0.872972 -0.294593 0.192919 0.5
18.1768 5.04821 0.0113898 -0.815486 0.0843799 0.143714 0.4
18.1908 4.82449 0.081979 -0.676028 0.235297 0.464861 0.3
18.2246 4.61738 0.143316 -0.704674 0.204456 -0.0954888 0.3
18.2629 4.26114 0.0102307 -0.720294 -0.26617 -0.0312403 0.5
18.4056 3.6784 0.34631 -0.736547 0.420099 -0.0203162 0.8
18.6001 3.33628 0.432004 -0.631951 0.171388 0.209192 0.5
18.6886 3.21363 0.452819 -0.594522 0.104078 0.187148 0.2
18.8395 3.03577 0.553002 -0.591223 0.333944 0.0109971 0.3
18.8957 2.97745 0.571346 -0.575118 0.183434 0.161042 0.1
19.1735 2.69401 0.354587 -0.369687 -0.361264 0.342385 0.6
19.3012 2.57054 0.496538 -0.453478 0.473169 -0.279304 0.3
19.6576 2.35578 0.691675 -0.262389 0.325228 0.318483 0.6
20.3105 2.21696 0.759238 -0.0460947 0.0750702 0.240327 0.9
20.5482 2.22542 0.82497 0.102511 0.219106 0.495353 0.3
20.8736 2.25834 0.802104 0.062074 -0.0571647 -0.101092 0.4
21.5383 2.46043 0.5274 0.342105 -0.274704 0.280031 1
21.7098 2.62161 0.329965 0.463795 -0.493587 0.304225 0.4
21.773 2.70997 0.302442 0.419877 -0.137615 -0.219594 0.2
21.8022 2.75281 0.280504 0.436732 -0.219381 0.168551 0.1
22.1099 3.05494 0.334896 0.167533 0.0543914 -0.269199 1
22.3448 3.20965 0.448019 0.34816 0.188539 0.301045 0.6
22.8049 3.52876 0.472192 0.290061 0.0241727 -0.058099 1
23.0361 3.78167 0.298693 0.552982 -0.289165 0.438202 0.6
23.1599 4.09408 0.0549489 0.339628 -0.348206 -0.304791 0.7
23.3548 4.51299 0.37808 0.591273 0.359035 0.279606 0.9
23.5981 4.90153 0.432921 0.703867 0.091402 0.187656 0.6
23.7955 5.48979 0.131242 0.976868 -0.430971 0.390001 0.7
23.8066 5.5855 0.0908325 0.937436 -0.404095 -0.394321 0.1
23.8134 5.6789 0.0452451 0.930552 -0.455874 -0.0688385 0.1
23.8128 6.17044 -0.0474402 0.707916 -0.154476 -0.371059 0.6
23.9339 6.72448 0.350199 0.677187 0.497049 -0.0384111 0.8
24.2103 7.28031 0.263987 0.557991 -0.0957906 -0.13244 0.9
24.5261 7.59559 0.525622 0.230195 0.327043 -0.409745 0.8
25.0795 7.77606 0.857837 0.220985 0.415269 -0.0115122 0.8
25.2472 7.81644 0.819307 0.182864 -0.192652 -0.190608 0.2
26.0038 8.06991 0.693876 0.324075 -0.12543 0.141211 1
26.5543 8.22592 0.682469 0.0659389 -0.0142589 -0.32267 0.8
26.8193 8.28088 0.642215 0.208863 -0.100635 0.357309 0.4
27.3571 8.29449 0.702419 -0.174842 0.0752552 -0.479631 0.8
27.7988 8.18548 0.769841 -0.188504 0.11237 -0.022769 0.6
28.2752 7.99458 0.42112 -0.288761 -0.435901 -0.125321 0.8
28.365 7.93102 0.476509 -0.346856 0.276948 -0.290476 0.2
28.7573 7.50071 0.39526 -0.609383 -0.0902769 -0.291696 0.9
28.9629 7.06849 0.290212 -0.831331 -0.175081 -0.369914 0.6
29.1322 6.52278 0.274261 -0.98773 -0.0265844 -0.260664 0.6
29.2231 5.99536 0.028647 -0.770331 -0.409357 0.362332 0.6
29.2777 5.55567 0.189813 -0.988417 0.322331 -0.436172 0.5
29.4678 4.80179 0.190399 -0.519348 0.000586698 0.469069 1
