0.2 0.2 0 0 0 0 0
0.199958 0.20036 -0.00169197 0.0144014 -0.0338393 0.288027 0.05
0.199951 0.200802 0.00116135 0.0209318 0.114133 0.261217 0.025
0.201728 0.204194 0.0343859 0.0469125 0.332246 0.259807 0.1
0.202442 0.20549 0.0226626 0.0567466 -0.468934 0.393365 0.025
0.206566 0.216313 0.0433267 0.116434 0.165313 0.477499 0.125
0.212783 0.22983 0.0810215 0.153895 0.376948 0.374609 0.1
0.233145 0.274377 0.0818695 0.202486 0.00339218 0.194363 0.25
0.241716 0.3075 0.0160897 0.176057 -0.375885 -0.151022 0.175
0.243958 0.325815 0.0287426 0.190238 0.12653 0.141808 0.1
0.246406 0.345993 0.0202177 0.213334 -0.0852492 0.230961 0.1
0.247029 0.351473 0.0296253 0.22505 0.376303 0.468675 0.025
0.24783 0.357253 0.0344867 0.237356 0.194456 0.492213 0.025
0.249423 0.369579 0.0292333 0.255677 -0.105067 0.366433 0.05
0.250247 0.375911 0.0366412 0.250916 0.296313 -0.190463 0.025
0.274772 0.425698 0.159565 0.147376 0.491694 -0.414158 0.25
0.294202 0.444289 0.0994974 0.100501 -0.400448 -0.312502 0.15
0.327055 0.45703 0.163324 0.00142961 0.255306 -0.396286 0.25
0.335409 0.456584 0.170856 -0.0192563 0.150632 -0.413719 0.05
0.349168 0.45501 0.196051 -0.0227371 0.335937 -0.0464097 0.075
0.358383 0.454079 0.172537 -0.0144854 -0.470281 0.165034 0.05
0.398308 0.452704 0.22672 0.000733805 0.270916 0.0760958 0.2
0.444544 0.454147 0.301688 0.0157591 0.428391 0.0858586 0.175
0.466279 0.456128 0.27791 0.0370553 -0.317042 0.28395 0.075
0.527452 0.470823 0.33382 0.109897 0.279548 0.364207 0.2
0.565585 0.485959 0.276304 0.132282 -0.460128 0.179085 0.125
0.609661 0.510443 0.227425 0.147539 -0.279308 0.08718 0.175
0.644878 0.53384 0.242128 0.164421 0.0980192 0.112545 0.15
0.664309 0.54733 0.27605 0.195313 0.452294 0.411899 0.075
0.737602 0.596909 0.310293 0.201316 0.136971 0.0240119 0.25
0.745515 0.602026 0.322736 0.20809 0.497731 0.270964 0.025
0.788263 0.629396 0.36123 0.229825 0.30795 0.17388 0.125
0.805901 0.641336 0.344321 0.247752 -0.338162 0.358543 0.05
0.83227 0.66017 0.358842 0.25451 0.193612 0.0901093 0.075
0.876161 0.692964 0.343417 0.270185 -0.123401 0.125399 0.125
0.936905 0.744708 0.350801 0.321176 0.0421949 0.291376 0.175
1.0101 0.808061 0.299793 0.241964 -0.226705 -0.352055 0.225
1.0387 0.833475 0.272285 0.266312 -0.275074 0.243485 0.1
1.05797 0.854596 0.241531 0.296919 -0.410056 0.40809 0.075
1.08338 0.883677 0.266681 0.284695 0.2515 -0.12224 0.1
1.09682 0.897548 0.270918 0.270159 0.0847399 -0.290713 0.05
1.14919 0.961354 0.148008 0.240284 -0.491641 -0.1195 0.25
1.19218 1.02735 0.195965 0.287706 0.191827 0.189685 0.25
1.22573 1.09196 0.139483 0.35833 -0.282408 0.353124 0.2
1.23931 1.12902 0.132136 0.382857 -0.0734743 0.245265 0.1
1.25389 1.18376 0.0623205 0.347009 -0.465435 -0.238985 0.15
1.25748 1.20934 0.0332597 0.335157 -0.387477 -0.158024 0.075
1.25351 1.27787 -0.0685523 0.273999 -0.452498 -0.271816 0.225
1.22885 1.32983 -0.150656 0.187884 -0.364904 -0.382731 0.225
1.22102 1.33901 -0.16246 0.179415 -0.236097 -0.169373 0.05
1.20852 1.35381 -0.17083 0.215234 -0.111596 0.47758 0.075
1.2006 1.36445 -0.146033 0.210274 0.495946 -0.0992027 0.05
1.19303 1.37522 -0.156466 0.220507 -0.208662 0.204658 0.05
1.18051 1.39059 -0.1775 0.189388 -0.280459 -0.414916 0.075
1.1593 1.41437 -0.161847 0.191114 0.125225 0.0138067 0.125
1.11144 1.46486 -0.263568 0.257686 -0.452093 0.295876 0.225
1.03415 1.52012 -0.354769 0.184387 -0.364801 -0.293194 0.25
0.991698 1.54493 -0.324467 0.212515 0.242411 0.225022 0.125
0.959105 1.5686 -0.327397 0.260931 -0.0292983 0.484161 0.1
0.951007 1.57503 -0.320444 0.253729 0.278142 -0.288094 0.025
0.87602 1.62914 -0.279455 0.179118 0.163955 -0.298444 0.25
0.861573 1.63781 -0.298395 0.167676 -0.378812 -0.228843 0.05
0.805734 1.66646 -0.33977 0.159747 -0.236424 -0.0453088 0.175
0.781605 1.67747 -0.303662 0.133961 0.481438 -0.34381 0.075
0.708317 1.70192 -0.282643 0.0616638 0.0840763 -0.289189 0.25
0.693887 1.70563 -0.29458 0.0866274 -0.238753 0.499272 0.05
0.628 1.72317 -0.291078 0.0692997 0.0155637 -0.0770122 0.225
0.593082 1.73465 -0.267609 0.114396 0.187757 0.360769 0.125
0.580228 1.7403 -0.246571 0.111314 0.42076 -0.0616267 0.05
0.574083 1.74307 -0.245028 0.110578 0.0617268 -0.0294754 0.025
0.535134 1.75836 -0.274289 0.093283 -0.195074 -0.115297 0.15
0.474102 1.77041 -0.336031 0.027177 -0.308712 -0.33053 0.2
0.432657 1.77115 -0.327088 -0.015213 0.0715487 -0.33912 0.125
0.424404 1.77078 -0.333181 -0.0148526 -0.243728 0.014416 0.025
0.373322 1.76289 -0.250605 -0.0753423 0.471862 -0.345655 0.175
0.32966 1.74345 -0.18602 -0.119038 0.322926 -0.21848 0.2
0.325118 1.74046 -0.177361 -0.119534 0.346338 -0.0198289 0.025
0.316833 1.7349 -0.154022 -0.10291 0.466788 0.332475 0.05
0.31312 1.73235 -0.143067 -0.101345 0.438176 0.0626034 0.025
0.283867 1.71024 -0.0909496 -0.0755295 0.208472 0.103263 0.25
0.272991 1.70112 -0.0540665 -0.0461231 0.245888 0.196042 0.15
0.269521 1.69486 -0.0153306 -0.0789632 0.387358 -0.328401 0.1
0.275756 1.68405 0.0707502 -0.0171096 0.382582 0.274905 0.225
0.28809 1.67622 0.0937052 -0.0873906 0.153033 -0.46854 0.15
0.303303 1.66189 0.149692 -0.141829 0.447895 -0.435504 0.125
0.314126 1.65183 0.138925 -0.126341 -0.143559 0.206496 0.075
0.325614 1.6419 0.167441 -0.138495 0.380208 -0.162052 0.075
0.329945 1.63838 0.17902 -0.143367 0.463186 -0.19488 0.025
0.346441 1.62313 0.150905 -0.161551 -0.281151 -0.181838 0.1
0.350254 1.61919 0.154069 -0.154043 0.126566 0.300314 0.025
0.368555 1.60359 0.138757 -0.0955905 -0.1225 0.467622 0.125
0.372024 1.60116 0.138718 -0.098822 -0.00156796 -0.129259 0.025
0.413664 1.57978 0.194401 -0.072178 0.222735 0.106576 0.25
0.435152 1.57003 0.149412 -0.0837737 -0.359915 -0.0927653 0.125
0.438895 1.56785 0.150016 -0.0907348 0.0241507 -0.278447 0.025
0.472244 1.55434 0.11678 -0.0173469 -0.132942 0.293552 0.25
0.486652 1.54706 0.0272942 -0.055457 -0.447429 -0.190551 0.2
0.489801 1.54193 0.0566935 -0.0814235 0.39199 -0.34622 0.075
0.497376 1.53605 0.0948109 -0.0360914 0.381175 0.453321 0.1
0.516181 1.51968 0.0932354 -0.127683 -0.00787784 -0.45796 0.2
0.522657 1.51016 0.0794648 -0.12614 -0.183607 0.0205779 0.075
0.541435 1.49183 0.135134 -0.0833316 0.318107 0.24462 0.175
0.562052 1.48524 0.194748 -0.0220405 0.476918 0.490329 0.125
0.575586 1.48459 0.166145 0.004716 -0.381382 0.356753 0.075
0.622905 1.48194 0.25447 -0.028332 0.392559 -0.14688 0.225
0.682377 1.4808 0.340255 0.0169122 0.428921 0.226221 0.2
0.715632 1.48409 0.324844 0.0489942 -0.154102 0.32082 0.1
0.739038 1.48885 0.299318 0.0777941 -0.340356 0.383998 0.075
0.768471 1.49719 0.289333 0.0890241 -0.0998449 0.112301 0.1
0.827214 1.51981 0.298101 0.137242 0.0438389 0.241091 0.2
0.867759 1.53693 0.350604 0.136684 0.420023 -0.00446931 0.125
0.876656 1.54025 0.361155 0.128378 0.422051 -0.332227 0.025
0.894681 1.54633 0.359881 0.1149 -0.0254893 -0.269556 0.05
0.960557 1.57562 0.298877 0.177987 -0.30502 0.315435 0.2
0.983162 1.58914 0.303919 0.182589 0.0672252 0.0613549 0.075
1.04602 1.62412 0.324632 0.167256 0.103569 -0.0766649 0.2
1.07028 1.63661 0.322305 0.165835 -0.031029 -0.0189432 0.075
1.12265 1.66675 0.276221 0.178522 -0.263338 0.0724981 0.175
1.14465 1.68016 0.310487 0.17908 0.456879 0.0074362 0.075
1.18257 1.70339 0.296225 0.192634 -0.114101 0.108434 0.125
1.1974 1.7133 0.296881 0.20385 0.0131313 0.224314 0.05
1.26522 1.75127 0.245726 0.0999091 -0.204621 -0.415764 0.25
1.32279 1.76124 0.214816 -0.020149 -0.123639 -0.480232 0.25
1.3283 1.76062 0.225907 -0.0297833 0.443644 -0.385373 0.025
1.36712 1.74851 0.162281 -0.0913154 -0.31813 -0.30766 0.2
1.41884 1.72715 0.251461 -0.0795691 0.35672 0.046985 0.25
1.45331 1.71405 0.208143 -0.0950568 -0.288785 -0.103251 0.15
1.49685 1.67604 0.140171 -0.209047 -0.271887 -0.455962 0.25
1.51882 1.62621 0.035627 -0.18959 -0.418178 0.0778286 0.25
