2.5 2 0 0 0 0 0
2.37322 2.00002 -0.316957 3.9218e-05 -0.396196 4.90225e-05 0.8
2.25032 2.01793 -0.174641 0.0716025 0.284632 0.143127 0.5
2.2346 2.02657 -0.139659 0.101336 0.349818 0.297335 0.1
2.18088 2.09392 -0.0752322 0.16807 0.128854 0.133468 0.5
2.17761 2.14983 0.053441 0.204636 0.428911 0.121885 0.3
2.18239 2.18816 -0.00564477 0.17862 -0.295429 -0.130079 0.2
2.15952 2.25924 -0.146829 0.295268 -0.470614 0.388826 0.3
2.14244 2.28772 -0.194777 0.274438 -0.479484 -0.208294 0.1
1.94532 2.40919 -0.368429 0.0726112 -0.248074 -0.288324 0.7
1.65707 2.66177 -0.272128 0.488677 0.107001 0.462295 0.9
1.55914 2.92916 -0.119585 0.580879 0.305086 0.184405 0.5
1.51039 3.10559 -0.205389 0.59534 -0.286014 0.0482015 0.3
1.35506 3.6932 -0.139798 0.710461 0.0728787 0.127913 0.9
1.32985 4.18202 0.0557658 0.918941 0.32594 0.347467 0.6
1.3415 4.37291 0.0607101 0.989873 0.0247216 0.354656 0.2
1.3765 4.90901 0.0559725 0.79714 -0.00789612 -0.321221 0.6
1.45752 5.49839 0.106056 0.381625 0.050084 -0.415515 1
1.53136 5.64438 0.263146 0.348327 0.392723 -0.0832465 0.4
1.70728 5.8638 0.323281 0.38305 0.100225 0.0578726 0.6
2.15884 6.20701 0.680178 0.379643 0.396553 -0.00378567 0.9
2.79261 6.50939 0.728204 0.292313 0.0533621 -0.0970334 0.9
2.93787 6.56023 0.724343 0.216135 -0.019302 -0.380892 0.2
3.08705 6.60493 0.767487 0.230849 0.21572 0.0735736 0.2
3.16403 6.62593 0.772035 0.189212 0.0454793 -0.416373 0.1
3.24089 6.64589 0.76517 0.209941 -0.0686511 0.207289 0.1
3.48846 6.703 0.885333 0.170754 0.400542 -0.130622 0.3
3.57818 6.71792 0.909064 0.127677 0.237315 -0.430772 0.1
4.28548 6.63947 0.66271 -0.301997 -0.273728 -0.477415 0.9
4.54183 6.53347 0.619037 -0.228013 -0.109182 0.184959 0.4
4.60442 6.51035 0.632828 -0.234352 0.137915 -0.0633912 0.1
4.81766 6.39549 0.433379 -0.339982 -0.498623 -0.264073 0.4
4.91151 6.32881 0.505127 -0.326803 0.358742 0.0658925 0.2
5.37036 6.13902 0.514523 -0.0949513 0.01044 0.257613 0.9
5.61932 6.16846 0.315361 0.193099 -0.331938 0.480084 0.6
5.93411 6.22255 0.584036 -0.0385629 0.383821 -0.330946 0.7
6.62189 6.07884 0.944363 -0.280799 0.400364 -0.269151 0.9
6.71508 6.05191 0.91948 -0.257666 -0.248834 0.231326 0.1
7.20979 5.81234 0.729549 -0.540909 -0.316552 -0.472071 0.6
7.79568 5.49823 0.572429 -0.157123 -0.174577 0.426429 0.9
8.10541 5.27574 0.312523 -0.478564 -0.371294 -0.459202 0.7
8.13737 5.22713 0.326571 -0.493471 0.140481 -0.149071 0.1
8.28053 4.94064 0.246068 -0.6525 -0.161006 -0.318056 0.5
8.49584 4.47075 0.369105 -0.690037 0.175767 -0.0536251 0.7
8.56703 4.33262 0.342786 -0.691347 -0.131595 -0.00655031 0.2
8.63517 4.18749 0.338636 -0.759956 -0.0207524 -0.343043 0.2
8.70435 4.03265 0.353196 -0.788433 0.0728001 -0.142387 0.2
9.14327 3.40286 0.524629 -0.471136 0.171434 0.317297 1
9.62192 3.1673 0.672005 -0.117763 0.184219 0.441716 0.8
10.2578 3.21531 0.917717 0.23777 0.30714 0.444417 0.8
10.589 3.27735 0.738425 0.0724687 -0.448229 -0.413254 0.4
10.6628 3.28459 0.737202 0.0722688 -0.0122259 -0.00199968 0.1
11.0998 3.36744 0.511303 0.164438 -0.322714 0.13167 0.7
11.5684 3.64658 0.660239 0.533431 0.186169 0.461241 0.8
11.7795 3.81864 0.747169 0.613625 0.289769 0.267314 0.3
11.855 3.87863 0.763269 0.58606 0.160999 -0.275643 0.1
12.2 4.12881 0.961725 0.664871 0.49614 0.197027 0.4
12.3828 4.26242 0.865831 0.671239 -0.47947 0.0318389 0.2
12.763 4.6591 0.654947 0.915457 -0.42177 0.488436 0.5
12.8912 4.84825 0.626691 0.976021 -0.14128 0.302816 0.2
12.9547 4.94699 0.643753 0.998887 0.170622 0.228663 0.1
13.7612 5.82632 0.969223 0.759765 0.32547 -0.239122 1
13.8567 5.9036 0.941459 0.785924 -0.27764 0.26159 0.1
14.4132 6.29629 0.913611 0.523024 -0.0464133 -0.438168 0.6
15.0396 6.62975 0.478237 0.218017 -0.483749 -0.338897 0.9
15.0884 6.65213 0.49951 0.229528 0.212726 0.115115 0.1
15.6005 6.76639 0.638481 0.0243834 0.154413 -0.227938 0.9
16.4035 6.86865 0.967538 0.180127 0.329057 0.155744 1
16.9542 6.94733 0.868023 0.0821496 -0.165859 -0.163296 0.6
17.6933 6.89572 0.610173 -0.185364 -0.25785 -0.267514 1
17.874 6.82891 0.594269 -0.260041 -0.0530127 -0.248922 0.3
18.2793 6.50676 0.21633 -0.384262 -0.377939 -0.124221 1
18.3617 6.34836 0.113196 -0.249348 -0.206268 0.269828 0.5
18.3363 6.02175 -0.16951 -0.47644 -0.314118 -0.252324 0.9
18.3176 5.97578 -0.204092 -0.443077 -0.345819 0.333623 0.1
18.2684 5.88745 -0.288194 -0.440162 -0.420512 0.014576 0.2
18.0517 5.61047 -0.331123 -0.351215 -0.0613265 0.127067 0.7
17.7992 5.25101 -0.173741 -0.367709 0.157382 -0.0164933 1
17.7697 4.9729 0.0752494 -0.559324 0.414983 -0.319359 0.6
17.8507 4.67308 0.156367 -0.297305 0.115883 0.374313 0.7
17.9862 4.50046 0.295158 -0.278087 0.231317 0.0320296 0.6
18.0884 4.42858 0.386004 -0.201162 0.302822 0.256417 0.3
18.1684 4.38466 0.414136 -0.237963 0.140658 -0.184003 0.2
18.3632 4.08128 0.0728446 -0.520503 -0.426614 -0.353176 0.8
18.6055 3.62357 0.411778 -0.394903 0.338933 0.1256 1
19.253 3.29735 0.88315 -0.257551 0.471372 0.137352 1
19.6938 3.19949 0.880169 -0.133862 -0.00596092 0.247378 0.5
20.5879 3.06757 0.908163 -0.129983 0.0279938 0.00387834 1
21.1098 3.07854 0.58274 0.161338 -0.46489 0.416173 0.7
21.1664 3.09393 0.550426 0.146337 -0.323137 -0.150014 0.1
21.2716 3.12975 0.501748 0.211886 -0.243391 0.327749 0.2
21.5286 3.26034 0.525943 0.310461 0.0483917 0.197148 0.5
22.0724 3.75327 0.561695 0.675404 0.0357515 0.364944 1
22.2548 3.97623 0.654629 0.811013 0.30978 0.452029 0.3
22.9719 4.86224 0.779539 0.96101 0.12491 0.149997 1
23.1909 5.15607 0.680294 0.997802 -0.330818 0.122641 0.3
23.7304 5.91312 0.518695 0.684538 -0.179555 -0.348071 0.9
23.996 6.27121 0.543466 0.747819 0.0495428 0.126563 0.5
24.5179 6.79912 0.616394 0.425327 0.0810313 -0.358325 0.9
24.8645 6.95007 0.769935 0.178476 0.307082 -0.493702 0.5
25.2114 6.98675 0.964431 0.00491148 0.48624 -0.433911 0.4
26.1762 6.75068 0.965266 -0.477062 0.000835618 -0.481973 1
26.3718 6.65127 0.991035 -0.517004 0.128845 -0.19971 0.2
27.2046 6.0099 0.674429 -0.765739 -0.316606 -0.248735 1
27.4011 5.7952 0.635841 -0.665572 -0.128627 0.33389 0.3
27.8687 5.44012 0.922847 -0.518026 0.478343 0.24591 0.6
28.6228 4.93344 0.585244 -0.495339 -0.337603 0.0226867 1
