0.2 0.2 0 0 0 0 0
0.222735 0.247461 0.0649564 0.135603 0.0927949 0.193719 0.7
0.331657 0.30811 0.298117 0.0665599 0.388601 -0.115072 0.6
0.515409 0.335028 0.43689 0.0411127 0.277547 -0.0508945 0.5
0.801866 0.501405 0.279253 0.37483 -0.197046 0.417147 0.8
0.884192 0.598105 0.269585 0.269833 -0.0322293 -0.349988 0.3
1.02002 0.645462 0.0322602 -0.164595 -0.263694 -0.482698 0.9
1.02337 0.615253 -0.00994436 -0.0368001 -0.140682 0.425982 0.3
1.02222 0.609716 -0.0129492 -0.0739333 -0.0300483 -0.371333 0.1
1.04565 0.554621 0.130063 -0.201545 0.357531 -0.31903 0.4
1.14871 0.426801 0.213483 -0.224521 0.139033 -0.0382932 0.6
1.39918 0.38998 0.502147 0.11932 0.412376 0.491201 0.7
1.49613 0.415102 0.467322 0.131901 -0.174121 0.0629085 0.2
1.68402 0.444729 0.284251 -0.0133947 -0.366143 -0.290592 0.5
1.7751 0.391608 -0.0240161 -0.138378 -0.440381 -0.178548 0.7
1.8246 0.46083 0.123005 0.276822 0.147021 0.4152 1
2.04248 0.80384 0.361169 0.485423 0.264626 0.231779 0.9
2.21257 1.01604 0.489291 0.575594 0.320305 0.225428 0.4
2.47045 1.29906 0.370319 0.367799 -0.198286 -0.346325 0.6
2.59265 1.46011 0.240679 0.43742 -0.324101 0.174051 0.4
2.70236 1.79409 0.125018 0.675844 -0.192767 0.397373 0.6
2.8189 2.30755 0.207953 0.791212 0.118478 0.164811 0.7
2.87526 2.74677 0.0174873 0.965651 -0.380931 0.348878 0.5
2.88855 3.09622 0.048971 0.781609 0.0787092 -0.460105 0.4
2.70986 3.64216 -0.406365 0.310258 -0.455336 -0.47135 1
2.32547 3.83521 -0.447825 0.118756 -0.0460667 -0.21278 0.9
2.04013 3.79516 -0.122856 -0.198856 0.324969 -0.317612 1
2.04083 3.72129 0.125201 -0.0473956 0.413428 0.252434 0.6
2.05766 3.72817 -0.0130117 0.0932628 -0.460708 0.468861 0.3
2.06532 3.74772 0.0321642 -0.0443863 0.0564699 -0.172061 0.8
2.06682 3.74422 -0.00218152 -0.0255256 -0.343457 0.188606 0.1
2.18203 3.5305 0.258208 -0.44942 0.289322 -0.470994 0.9
2.33205 3.28588 0.34185 -0.529047 0.167284 -0.159254 0.5
2.47775 2.60318 -0.0504503 -0.836357 -0.3923 -0.30731 1
2.4627 2.00564 0.00746403 -0.870895 0.0827348 -0.0493401 0.7
2.53937 1.44562 0.248111 -0.995837 0.401078 -0.208236 0.6
2.96347 0.65059 0.600078 -0.594222 0.351967 0.401615 1
3.40929 0.315149 0.885991 -0.523915 0.476521 0.117178 0.6
4.04819 0.0689538 0.939423 -0.179499 0.0763323 0.492023 0.7
4.77243 0.046748 0.509066 0.135087 -0.430358 0.314586 1
5.06118 0.171355 0.45343 0.280268 -0.092726 0.241968 0.6
5.27679 0.349038 0.409025 0.430463 -0.0888099 0.300389 0.5
5.51204 0.608366 0.375117 0.433964 -0.0565137 0.0058357 0.6
5.72407 0.799313 0.331663 0.202526 -0.0724232 -0.385731 0.6
5.95798 0.892225 0.136161 -0.016701 -0.195502 -0.219227 1
5.99062 0.869043 -0.0273795 -0.060574 -0.272567 -0.0731216 0.6
5.97941 0.875235 -0.0174282 0.0853421 0.0199026 0.291832 0.5
6.03036 0.980403 0.130641 0.148366 0.164521 0.0700265 0.9
6.05965 1.11091 -0.0655497 0.141649 -0.21799 -0.00746345 0.9
6.21592 1.47549 0.378088 0.587511 0.443638 0.445862 1
6.36206 1.74582 0.206489 0.493802 -0.343199 -0.187418 0.5
6.38512 1.79373 0.254567 0.464509 0.480782 -0.292936 0.1
6.7284 2.17457 0.508293 0.381804 0.281918 -0.0918938 0.9
7.2769 2.50164 0.862937 0.43585 0.443305 0.0675573 0.8
7.6744 2.77861 0.727088 0.672046 -0.271698 0.472393 0.5
8.16359 3.30436 0.495874 0.642328 -0.289018 -0.0371483 0.8
8.55796 3.79378 0.380516 0.445263 -0.128175 -0.218961 0.9
8.68313 3.98128 0.245321 0.492283 -0.337989 0.11755 0.4
8.77741 4.43419 -0.00961291 0.639984 -0.318667 0.184626 0.8
8.74536 4.8424 -0.0616195 0.267136 -0.0577851 -0.414276 0.9
8.77901 5.00615 0.145751 0.142256 0.259214 -0.1561 0.8
8.79443 5.02068 0.16263 0.148205 0.168786 0.0594945 0.1
8.80216 5.14428 -0.13688 0.263821 -0.499183 0.192692 0.6
8.75412 5.31553 0.0301401 0.116727 0.185578 -0.163437 0.9
8.79303 5.27462 0.0563197 -0.20763 0.0290884 -0.360396 0.9
8.6423 4.93548 -0.357786 -0.470662 -0.414106 -0.263033 1
8.31478 4.34803 -0.29725 -0.704227 0.0605365 -0.233565 1
8.06641 3.8187 -0.199479 -0.354442 0.0977703 0.349785 1
7.90775 3.63638 -0.253849 -0.166466 -0.0776702 0.268537 0.7
7.63234 3.40177 -0.533044 -0.503862 -0.39885 -0.481995 0.7
7.45709 3.18543 -0.343195 -0.577795 0.474622 -0.184831 0.4
7.3212 2.93311 -0.336238 -0.683829 0.0173925 -0.265087 0.4
7.17437 2.6234 -0.397906 -0.864736 -0.15417 -0.452266 0.4
7.09093 2.45069 -0.436562 -0.86236 -0.193279 0.0118804 0.2
6.95665 2.17901 -0.458613 -0.948844 -0.0735034 -0.288281 0.3
6.85908 1.99208 -0.517135 -0.920411 -0.29261 0.142166 0.2
6.80693 1.90149 -0.525847 -0.891412 -0.087114 0.289994 0.1
6.66357 1.65592 -0.429878 -0.745725 0.319896 0.485622 0.3
6.61895 1.58176 -0.462541 -0.737518 -0.326628 0.0820652 0.1
6.42012 1.29613 -0.531595 -0.690641 -0.172635 0.117193 0.4
6.09326 0.810637 -0.194767 -0.388222 0.374253 0.336021 0.9
5.78314 0.641587 -0.580522 -0.034405 -0.482194 0.442271 0.8
5.72658 0.636831 -0.550733 -0.0607056 0.297892 -0.263006 0.1
5.29731 0.726742 -0.40319 0.260507 0.163936 0.356903 0.9
5.16028 0.803462 -0.281999 0.123093 0.302979 -0.343534 0.4
5.133 0.814046 -0.263506 0.0885885 0.184926 -0.345048 0.1
4.97939 0.99381 -0.175375 0.425023 0.125902 0.48062 0.7
4.67487 1.36414 -0.50134 0.397927 -0.362184 -0.0301067 0.9
4.38051 1.81798 -0.23456 0.736687 0.333475 0.42345 0.8
4.27651 2.1383 -0.285461 0.864923 -0.127251 0.320592 0.4
4.11533 2.89737 -0.0727106 0.821897 0.236389 -0.0478069 0.9
4.12687 3.38452 0.105682 0.569958 0.254847 -0.359913 0.7
4.19435 3.78891 0.119267 0.77799 0.0226414 0.346721 0.6
4.28882 4.22018 0.19562 0.6596 0.127255 -0.197318 0.6
4.31827 4.35824 0.0989314 0.720975 -0.483443 0.306875 0.2
4.32639 4.42806 0.0633207 0.675336 -0.356107 -0.456386 0.1
4.33268 4.64752 -0.0213636 0.787756 -0.282281 0.374732 0.3
4.32873 4.79978 -0.0181763 0.734851 0.0159365 -0.264526 0.2
4.32753 4.94648 0.00624444 0.732172 0.122104 -0.0133912 0.2
4.28003 5.37314 -0.196251 0.974446 -0.404991 0.484548 0.5
4.24204 5.8575 0.0442805 0.962991 0.481063 -0.02291 0.5
4.24546 5.95524 0.0240601 0.991756 -0.202204 0.287649 0.1
4.33207 6.77467 0.168409 0.829202 0.160388 -0.180616 0.9
4.42208 7.23152 0.191656 0.998209 0.0464935 0.338014 0.5
4.46316 7.51936 0.0821735 0.920758 -0.364941 -0.258172 0.3
4.46082 8.10779 -0.0888641 0.760463 -0.244339 -0.228992 0.7
4.45679 8.44901 0.0687371 0.94562 0.394003 0.462891 0.4
4.53332 9.01934 0.149914 0.683897 0.115967 -0.37389 0.7
4.60121 9.47047 -0.0141271 0.21837 -0.164041 -0.465526 1
4.64615 9.5884 0.163924 0.174726 0.296751 -0.072741 0.6
4.69434 9.63789 0.15731 0.155207 -0.0220449 -0.065063 0.3
4.93353 9.80628 0.374221 0.218983 0.241012 0.0708626 0.9
5.37961 9.92853 0.617089 0.0526934 0.269854 -0.184766 0.9
5.66056 9.93052 0.506681 -0.044749 -0.220816 -0.194885 0.5
5.81555 9.91029 0.526588 -0.0901099 0.0663558 -0.151203 0.3
6.22821 9.82855 0.505078 -0.11424 -0.026887 -0.0301629 0.8
6.27775 9.81879 0.485719 -0.0809373 -0.193592 0.333029 0.1
6.66399 9.58977 0.286755 -0.377096 -0.198964 -0.296158 1
7.10875 9.23496 0.602754 -0.332527 0.315999 0.044569 1
7.52254 8.70903 0.224843 -0.719328 -0.377911 -0.386801 1
7.63875 8.30206 0.23999 -0.90857 0.0302936 -0.378483 0.5
7.75859 7.64783 0.102411 -0.960657 -0.196542 -0.0744101 0.7
7.91131 7.01735 0.333918 -0.84071 0.330725 0.171352 0.7
8.05536 6.6025 0.242287 -0.818715 -0.183263 0.0439913 0.5
8.07854 6.51901 0.221337 -0.850991 -0.209503 -0.322765 0.1
8.15934 6.11447 0.101878 -0.767158 -0.238917 0.167666 0.5
8.15081 5.6969 -0.136018 -0.903151 -0.475793 -0.271985 0.5
8.04012 4.81962 -0.0853638 -0.851403 0.0506544 0.0517473 1
8.0202 4.4396 0.00569363 -0.668679 0.182115 0.365449 0.5
8.01903 4.13653 -0.0115644 -0.846657 -0.043145 -0.444946 0.4
7.98014 3.76766 -0.182863 -0.997701 -0.428246 -0.37761 0.4
7.72198 2.99099 -0.390824 -0.728237 -0.231069 0.299405 0.9
7.2682 2.39948 -0.743624 -0.750529 -0.440999 -0.0278649 0.8
6.95148 2.07247 -0.52328 -0.557515 0.440687 0.386027 0.5
6.63446 1.66117 -0.533438 -0.813471 -0.0169295 -0.426593 0.6
6.57972 1.5813 -0.561315 -0.78401 -0.278775 0.29461 0.1
6.13211 1.0449 -0.557714 -0.556982 0.00450233 0.283785 0.8
6.02887 0.927511 -0.474679 -0.616949 0.415171 -0.299839 0.2
5.64962 0.584749 -0.473463 -0.239956 0.00152103 0.471242 0.8
5.49782 0.513911 -0.538498 -0.232297 -0.216785 0.0255307 0.3
4.73856 0.353234 -0.980031 -0.0890564 -0.441533 0.14324 1
4.01856 0.345356 -0.819964 0.0693592 0.200083 0.198019 0.8
3.75669 0.355315 -0.925836 -0.00296455 -0.352905 -0.241079 0.3
3.20457 0.371514 -0.914553 0.0569609 0.0188046 0.0998758 0.6
2.7492 0.426399 -0.906937 0.162581 0.0152321 0.21124 0.5
2.21013 0.531226 -0.633254 0.136923 0.390975 -0.0366536 0.7
1.80481 0.585004 -0.717835 0.0423374 -0.140968 -0.157643 0.6
1.43737 0.587292 -0.751895 -0.0331862 -0.0681208 -0.151047 0.5
1.09317 0.626972 -0.624913 0.19191 0.253965 0.450192 0.5
1.03138 0.644084 -0.61088 0.150321 0.14033 -0.415891 0.1
0.656014 0.795647 -0.640348 0.354888 -0.0491132 0.340946 0.6
