0.2 0.2 0 0 0 0 0
0.199216 0.200516 -0.0261398 0.017204 -0.435663 0.286733 0.06
0.197294 0.206594 0.00479006 0.0503248 0.171833 0.184004 0.18
0.197331 0.211088 -0.0038787 0.0620372 -0.108359 0.146405 0.08
0.19727 0.212266 -0.00219431 0.0557438 0.0842195 -0.314671 0.02
0.194075 0.218876 -0.0510519 0.0544152 -0.407146 -0.0110712 0.12
0.189807 0.224397 -0.0556534 0.083623 -0.0575184 0.365097 0.08
0.187123 0.241064 0.0221063 0.124711 0.485998 0.256802 0.16
0.189638 0.25319 0.0198109 0.077397 -0.0191278 -0.394286 0.12
0.194314 0.266402 0.0469882 0.111346 0.194123 0.242496 0.14
0.199558 0.292228 0.00545079 0.146914 -0.207687 0.177839 0.2
0.198352 0.312699 -0.0226864 0.145517 -0.20098 -0.00998098 0.14
0.196394 0.334643 -0.00178133 0.128791 0.130656 -0.104537 0.16
0.194656 0.345445 -0.0416702 0.141259 -0.498611 0.155847 0.08
0.195227 0.363214 0.0480084 0.0561732 0.498215 -0.472697 0.18
0.206694 0.371606 0.0794096 0.0370757 0.174451 -0.106097 0.18
0.219295 0.377398 0.130606 0.0594446 0.426639 0.186407 0.12
0.224684 0.379938 0.138835 0.0675662 0.205727 0.203042 0.04
0.240901 0.391274 0.0928367 0.0943781 -0.328562 0.191514 0.14
0.259486 0.410958 0.139473 0.151677 0.291474 0.358117 0.16
0.285368 0.431488 0.184051 0.104942 0.278616 -0.292093 0.16
0.310983 0.443579 0.181887 0.0677885 -0.0154571 -0.265382 0.14
0.345301 0.450653 0.247081 0.0206353 0.40746 -0.294708 0.16
0.377489 0.45457 0.212743 0.0353212 -0.245268 0.104899 0.14
0.395585 0.45771 0.239676 0.0431819 0.336662 0.0982585 0.08
0.400442 0.458627 0.245962 0.0485359 0.314267 0.2677 0.02
0.415691 0.462159 0.262334 0.0691787 0.27288 0.344047 0.06
0.444378 0.471456 0.311414 0.116773 0.490793 0.475948 0.1
0.483996 0.488717 0.348883 0.170911 0.312248 0.45115 0.12
0.513028 0.503451 0.376933 0.197436 0.350625 0.331556 0.08
0.581742 0.537675 0.3102 0.144805 -0.333669 -0.263156 0.2
0.594101 0.543784 0.307739 0.160637 -0.0615252 0.395799 0.04
0.649072 0.568429 0.379405 0.147419 0.447917 -0.082609 0.16
0.671498 0.577817 0.368126 0.165535 -0.187999 0.301928 0.06
0.731783 0.610168 0.385437 0.238855 0.108196 0.458249 0.16
0.79892 0.652964 0.36053 0.236652 -0.138373 -0.0122385 0.18
0.862167 0.69146 0.271941 0.148308 -0.442946 -0.441716 0.2
0.889893 0.708323 0.282576 0.188947 0.106356 0.406381 0.1
0.917685 0.726262 0.273264 0.169839 -0.0931184 -0.191077 0.1
0.934644 0.735788 0.292055 0.147688 0.313177 -0.369182 0.06
0.970898 0.754794 0.31217 0.169075 0.167622 0.178226 0.12
1.01937 0.7785 0.293735 0.127255 -0.115213 -0.261377 0.16
1.03727 0.786352 0.303039 0.134492 0.15506 0.120627 0.06
1.06194 0.796317 0.313523 0.114626 0.131048 -0.248332 0.08
1.07415 0.800978 0.297038 0.118422 -0.412118 0.0949072 0.04
1.08011 0.803339 0.298864 0.117692 0.0912726 -0.0364889 0.02
1.12677 0.817978 0.219586 0.0449618 -0.440434 -0.404058 0.18
1.16579 0.832348 0.213981 0.114709 -0.0311347 0.387486 0.18
1.17007 0.834662 0.214275 0.116623 0.0146797 0.0956829 0.02
1.20465 0.855939 0.218005 0.149343 0.0233159 0.204499 0.16
1.23831 0.889616 0.155942 0.224851 -0.344795 0.41949 0.18
1.247 0.903104 0.133936 0.224726 -0.366776 -0.00207687 0.06
1.25987 0.930028 0.0805001 0.224013 -0.445297 -0.00594428 0.12
1.26428 0.943422 0.0666359 0.222466 -0.231071 -0.0257898 0.06
1.2656 0.947841 0.0647163 0.219384 -0.0959754 -0.154066 0.02
1.27966 0.988315 0.111006 0.286537 0.289313 0.419704 0.16
1.28992 1.01722 0.0943458 0.291524 -0.166606 0.0498709 0.1
1.30015 1.07638 0.0192983 0.365817 -0.416931 0.412738 0.18
1.30175 1.10424 0.0205695 0.330809 0.0158903 -0.437594 0.08
1.30228 1.151 -0.0138727 0.253624 -0.215263 -0.48241 0.16
1.30183 1.16973 0.00264053 0.214672 0.206415 -0.486898 0.08
1.30654 1.20959 0.056171 0.283573 0.334565 0.430632 0.16
1.31133 1.23796 0.0397258 0.283805 -0.164452 0.00232496 0.1
1.31244 1.29094 -0.0274315 0.304883 -0.373096 0.117098 0.18
1.30668 1.32903 -0.0685285 0.329893 -0.342475 0.208415 0.12
1.29412 1.37236 -0.110862 0.2892 -0.302382 -0.290665 0.14
1.27944 1.40404 -0.13392 0.238719 -0.192148 -0.420676 0.12
1.26205 1.43776 -0.114445 0.243024 0.139105 0.0307526 0.14
1.23372 1.4919 -0.168843 0.298413 -0.271991 0.276945 0.2
1.19529 1.55669 -0.215524 0.349446 -0.233406 0.255166 0.2
1.16649 1.59546 -0.264383 0.296771 -0.407155 -0.438961 0.12
1.12746 1.63412 -0.293233 0.255507 -0.206069 -0.29474 0.14
1.10901 1.64888 -0.321674 0.236352 -0.474014 -0.319263 0.06
1.04075 1.68659 -0.360944 0.140805 -0.196354 -0.477734 0.2
0.966 1.71389 -0.386545 0.132151 -0.128003 -0.0432705 0.2
0.884403 1.736 -0.429426 0.0889636 -0.214403 -0.215936 0.2
0.834117 1.74314 -0.408682 0.0299834 0.172867 -0.491501 0.12
0.773199 1.75148 -0.461579 0.0892024 -0.377837 0.422993 0.14
0.696713 1.76199 -0.49449 0.0421344 -0.205694 -0.294175 0.16
0.606532 1.76197 -0.407324 -0.0423448 0.435827 -0.422396 0.2
0.5901 1.76044 -0.414257 -0.0337604 -0.173309 0.21461 0.04
0.535946 1.75271 -0.359373 -0.0767359 0.392028 -0.306968 0.14
0.514164 1.74779 -0.366686 -0.0872917 -0.121878 -0.175929 0.06
0.471753 1.73667 -0.340172 -0.0979557 0.220946 -0.0888671 0.12
0.464984 1.73476 -0.336685 -0.0935885 0.174376 0.218363 0.02
0.433337 1.72386 -0.296259 -0.124483 0.404257 -0.308945 0.1
0.410721 1.71438 -0.269145 -0.112514 0.338924 0.149608 0.08
0.365857 1.70042 -0.179493 -0.0270449 0.448262 0.427347 0.2
0.362279 1.69985 -0.178306 -0.0299367 0.0593316 -0.144592 0.02
0.355131 1.69893 -0.17912 -0.0160178 -0.0203626 0.347972 0.04
0.331388 1.70133 -0.160061 0.0502441 0.136141 0.473299 0.14
0.312831 1.70507 -0.105035 0.00317141 0.393043 -0.336233 0.14
0.300976 1.70649 -0.026695 0.0126859 0.435221 0.0528585 0.18
0.301419 1.71447 0.03162 0.0759739 0.323973 0.3516 0.18
0.302914 1.71734 0.0431434 0.0673452 0.288083 -0.215718 0.04
0.319539 1.73091 0.123105 0.0684065 0.399807 0.00530633 0.2
0.324352 1.73405 0.11755 0.088292 -0.138876 0.497139 0.04
0.337834 1.74662 0.107144 0.121275 -0.0867169 0.274861 0.12
0.351983 1.76234 0.128679 0.140632 0.179466 0.161307 0.12
0.370484 1.78128 0.0768853 0.06981 -0.287745 -0.393457 0.18
0.375078 1.7855 0.0762543 0.0709456 -0.0105168 0.0189264 0.06
0.382718 1.7897 0.114745 0.0342027 0.481138 -0.459286 0.08
0.409001 1.79248 0.177294 -0.00332357 0.347492 -0.208479 0.18
0.44095 1.78436 0.177693 -0.0869605 0.00221532 -0.46465 0.18
0.452065 1.77844 0.192797 -0.110156 0.251739 -0.386593 0.06
0.488591 1.75271 0.213049 -0.17577 0.112509 -0.364522 0.18
0.49279 1.7491 0.206887 -0.185134 -0.308083 -0.46817 0.02
0.517585 1.7272 0.206363 -0.179959 -0.00436323 0.0431231 0.12
0.554239 1.70386 0.251808 -0.111707 0.28403 0.426571 0.16
0.585792 1.69111 0.198944 -0.0705534 -0.3776 0.293957 0.14
0.627499 1.67723 0.264469 -0.0836054 0.364028 -0.0725113 0.18
0.643258 1.67219 0.260817 -0.084292 -0.060876 -0.0114427 0.06
0.668011 1.6657 0.234258 -0.0456274 -0.265583 0.386646 0.1
0.672635 1.6648 0.22812 -0.0439408 -0.306896 0.0843301 0.02
0.69078 1.66163 0.225514 -0.0353485 -0.0325775 0.107403 0.08
0.73132 1.65094 0.281225 -0.0982744 0.348192 -0.393287 0.16
0.796919 1.62702 0.374769 -0.140928 0.467722 -0.213265 0.2
0.82624 1.61598 0.35827 -0.135045 -0.206242 0.0735351 0.08
0.866499 1.59707 0.31271 -0.180168 -0.379667 -0.376029 0.12
0.901235 1.5725 0.266228 -0.229387 -0.387348 -0.410157 0.12
0.926235 1.55194 0.23376 -0.181674 -0.324683 0.477133 0.1
0.955342 1.52877 0.251361 -0.204506 0.146675 -0.190269 0.12
0.970318 1.51566 0.247826 -0.232584 -0.0589082 -0.467972 0.06
0.975296 1.51106 0.249979 -0.227395 0.107639 0.259465 0.02
0.998266 1.48706 0.20942 -0.252685 -0.405595 -0.252904 0.1
1.01919 1.4626 0.209117 -0.236443 -0.00303061 0.162426 0.1
1.04469 1.43031 0.155137 -0.224859 -0.385566 0.0827407 0.14
1.04784 1.42584 0.160218 -0.222296 0.254051 0.128173 0.02
1.06244 1.4055 0.131628 -0.184444 -0.285898 0.378521 0.1
1.07334 1.39166 0.140876 -0.16153 0.115589 0.286414 0.08
1.07932 1.38544 0.158308 -0.149665 0.435812 0.296639 0.04
1.10041 1.36404 0.193203 -0.206974 0.290788 -0.477573 0.12
1.12565 1.33461 0.167339 -0.213487 -0.184744 -0.0465237 0.14
1.13206 1.32629 0.15318 -0.202106 -0.35396 0.284533 0.04
1.15102 1.29166 0.0838312 -0.230872 -0.433431 -0.179789 0.16
1.15732 1.27447 0.0736949 -0.198761 -0.126703 0.40138 0.08
1.17175 1.24362 0.106692 -0.186878 0.20623 0.0742695 0.16
1.17739 1.23194 0.0810842 -0.202427 -0.426794 -0.25914 0.06
1.18918 1.18189 0.0368664 -0.298113 -0.221089 -0.47843 0.2
1.19288 1.1367 0.016053 -0.347403 -0.148667 -0.352072 0.14
1.1957 1.10788 0.0543534 -0.373098 0.478754 -0.321188 0.08
1.19676 1.10034 0.0519173 -0.380955 -0.121804 -0.39284 0.02
1.1977 1.02064 -0.0425842 -0.416044 -0.472508 -0.175449 0.2
1.18453 0.951902 -0.122003 -0.443172 -0.496364 -0.169546 0.16
1.15664 0.871905 -0.156895 -0.356798 -0.174465 0.431868 0.2
1.12683 0.818791 -0.215679 -0.307133 -0.367397 0.310408 0.16
1.10918 0.79301 -0.225612 -0.337391 -0.124162 -0.378226 0.08
1.07701 0.744338 -0.23398 -0.357916 -0.0597732 -0.14661 0.14
1.04393 0.689632 -0.179476 -0.325915 0.340648 0.20001 0.16
1.02357 0.645133 -0.1115 -0.309784 0.485546 0.115219 0.14
1.0034 0.587703 -0.112607 -0.328331 -0.00615074 -0.103036 0.18
0.987966 0.53883 -0.107825 -0.369853 0.0341571 -0.29659 0.14
0.970492 0.476593 -0.110598 -0.408111 -0.0173295 -0.23911 0.16
