0.2 0.2 0 0 0 0 0
0.345369 0.291694 0.363422 0.229235 0.454278 0.286544 0.8
0.426808 0.33746 0.450966 0.228422 0.437722 -0.0040668 0.2
0.725035 0.546575 0.401111 0.36905 -0.0712226 0.200897 0.7
0.802843 0.614838 0.376971 0.313576 -0.1207 -0.277367 0.2
0.881809 0.667734 0.412694 0.215384 0.178617 -0.490962 0.2
1.13346 0.71787 0.426136 -0.0482622 0.0224039 -0.43941 0.6
1.65318 0.79409 0.728798 0.217639 0.33629 0.295446 0.9
2.21221 1.14938 0.513491 0.5719 -0.239229 0.393623 0.9
2.35277 1.30237 0.423583 0.448014 -0.299695 -0.412953 0.3
2.50046 1.51495 0.314859 0.614908 -0.27181 0.417235 0.4
2.56804 1.62892 0.360983 0.52473 0.230621 -0.450887 0.2
2.72336 2.01891 0.156733 0.775252 -0.340417 0.417536 0.6
2.75183 2.52703 -0.0618215 0.91848 -0.364257 0.238713 0.6
2.67809 3.00489 -0.183987 0.674371 -0.203609 -0.406848 0.6
2.52059 3.41766 -0.209764 0.357572 -0.0322212 -0.395998 0.8
2.43445 3.60645 0.018344 0.0619567 0.253453 -0.328462 0.9
2.46063 3.6303 0.156194 0.0970566 0.459499 0.116999 0.3
2.47644 3.6388 0.160104 0.0727761 0.0391036 -0.242805 0.1
2.5045 3.67391 0.0269226 0.161331 -0.443939 0.295184 0.3
2.50835 3.69065 0.0500269 0.17353 0.231043 0.121992 0.1
2.63361 3.76413 0.307872 0.0364053 0.36835 -0.195893 0.7
2.74692 3.67073 0.0158618 -0.303275 -0.417157 -0.485258 0.7
2.76674 3.5374 0.0832297 -0.363378 0.16842 -0.150258 0.4
2.7772 3.42248 -0.0134437 -0.402759 -0.322245 -0.131269 0.3
2.84333 3.08167 0.160388 -0.354584 0.193146 0.0535276 0.9
2.8257 2.65617 -0.195639 -0.496419 -0.356027 -0.141835 1
2.73942 2.32937 -0.050878 -0.437303 0.206802 0.0844519 0.7
2.72742 2.04981 0.0108715 -0.494553 0.102916 -0.0954169 0.6
2.75164 1.91097 0.150581 -0.431086 0.465697 0.211556 0.3
2.7838 1.78587 0.063821 -0.402885 -0.289199 0.0940014 0.3
2.68734 1.41877 -0.256734 -0.331314 -0.320555 0.0715716 1
2.58629 1.30566 -0.0319854 0.00812848 0.32107 0.484918 0.7
2.71051 1.16913 0.308041 -0.311516 0.377808 -0.355161 0.9
2.81526 1.07848 0.390245 -0.292804 0.274012 0.0623734 0.3
3.3559 0.906475 0.691033 -0.0512119 0.300788 0.241593 1
3.93473 0.86202 0.962778 -0.0758025 0.388208 -0.0351295 0.7
4.61062 0.709273 0.968344 -0.360617 0.007952 -0.406878 0.7
5.31534 0.579961 0.597688 0.0732565 -0.411841 0.482082 0.9
5.37552 0.585732 0.605899 0.0421652 0.08211 -0.310913 0.1
5.70547 0.628192 0.713908 0.127677 0.216018 0.171024 0.5
6.10568 0.69403 0.620137 0.0917839 -0.156284 -0.0598218 0.6
6.49839 0.874656 0.252551 0.309605 -0.40843 0.242024 0.9
6.52296 0.906109 0.238837 0.319462 -0.137137 0.0985696 0.1
6.53812 1.17085 -0.205148 0.268856 -0.493317 -0.0562295 0.9
6.46755 1.28729 -0.147693 0.313358 0.143638 0.111255 0.4
6.40572 1.4048 -0.161469 0.274166 -0.0344396 -0.0979794 0.4
6.37676 1.53845 0.0456432 0.260446 0.414224 -0.0274408 0.5
6.37684 1.58762 -0.0448804 0.231194 -0.452618 -0.146257 0.2
6.36191 1.75884 -0.0148341 0.453709 0.0600926 0.445029 0.5
6.37048 2.06716 0.0338759 0.231441 0.0541223 -0.246964 0.9
6.45969 2.15698 0.263506 0.0679662 0.382716 -0.272458 0.6
6.96171 2.36408 0.740524 0.346236 0.477019 0.27827 1
7.24631 2.4829 0.682456 0.247836 -0.14517 -0.246001 0.4
7.51205 2.61043 0.646245 0.38983 -0.0905289 0.354987 0.4
7.57506 2.64703 0.613941 0.342255 -0.323041 -0.475753 0.1
7.80048 2.81531 0.513184 0.499146 -0.251891 0.392228 0.4
7.97109 2.96209 0.624218 0.479379 0.370112 -0.0658917 0.3
8.33146 3.22137 0.405413 0.26142 -0.312579 -0.31137 0.7
8.37059 3.246 0.377249 0.231081 -0.28164 -0.303383 0.1
8.6269 3.52076 0.355065 0.553942 -0.0316912 0.461229 0.7
8.70184 3.63217 0.394277 0.560236 0.196058 0.0314699 0.2
8.86272 4.0134 0.0653834 0.52897 -0.469847 -0.0446656 0.7
8.83809 4.47148 -0.120107 0.488999 -0.206101 -0.0444123 0.9
8.80687 4.70444 -0.00480281 0.442853 0.230609 -0.0922909 0.5
8.78065 4.88793 -0.126296 0.474574 -0.303734 0.0793021 0.4
8.66614 5.29319 -0.200856 0.683303 -0.106514 0.298184 0.7
8.48976 5.8767 -0.303086 0.983877 -0.146042 0.429392 0.7
8.2874 6.55904 -0.275096 0.965662 0.0399855 -0.0260214 0.7
8.25944 6.65703 -0.284143 0.994236 -0.0904689 0.285741 0.1
8.23105 6.75623 -0.283629 0.989608 0.00514324 -0.0462812 0.1
7.84659 7.58667 -0.485287 0.671274 -0.201659 -0.318334 1
7.68616 7.85536 -0.316864 0.672189 0.421057 0.00228627 0.4
7.6567 7.92067 -0.2724 0.634076 0.444644 -0.381132 0.1
7.60843 8.03979 -0.21031 0.557063 0.310449 -0.385066 0.2
7.55776 8.20295 -0.127435 0.530721 0.276251 -0.087805 0.3
7.53286 8.30039 -0.121644 0.443617 0.0289548 -0.435523 0.2
7.32656 8.7019 -0.467762 0.703551 -0.494455 0.371335 0.7
6.97649 9.13824 -0.699144 0.750917 -0.385636 0.078943 0.6
6.66877 9.41079 -0.839483 0.611839 -0.350848 -0.347695 0.4
6.03043 9.74219 -0.984326 0.335035 -0.206918 -0.395433 0.7
5.43937 9.90082 -0.704423 0.118188 0.399862 -0.309782 0.7
4.971 9.91397 -0.633798 -0.0806087 0.100893 -0.283995 0.7
4.80214 9.91039 -0.491888 0.056724 0.473031 0.457776 0.3
4.57177 9.85396 -0.166321 -0.217956 0.465096 -0.392399 0.7
4.50751 9.67904 -0.0478776 -0.365101 0.197405 -0.245243 0.6
4.48355 9.5652 -0.111871 -0.393839 -0.213312 -0.0957929 0.3
4.56044 9.22421 0.282749 -0.363931 0.438466 0.0332316 0.9
4.63694 9.09286 0.227263 -0.511731 -0.184951 -0.492667 0.3
4.65063 8.67534 -0.196859 -0.416086 -0.471247 0.106272 0.9
4.69763 8.34963 0.290876 -0.235325 0.487736 0.180761 1
4.79767 8.09554 -0.00504742 -0.490657 -0.422748 -0.36476 0.7
4.78364 7.93648 -0.0885194 -0.569727 -0.27824 -0.263566 0.3
4.76206 7.82788 -0.127226 -0.516312 -0.193533 0.267072 0.2
4.74892 7.77429 -0.13565 -0.555498 -0.0842388 -0.391855 0.1
4.6244 7.55276 -0.362453 -0.330605 -0.453606 0.449785 0.5
4.40237 7.26172 -0.0816042 -0.251486 0.280849 0.0791191 1
4.28249 7.21743 -0.158158 0.162918 -0.0765534 0.414404 1
4.23427 7.27788 -0.0829154 0.139343 0.188105 -0.0589368 0.4
4.22485 7.28938 -0.105571 0.0906292 -0.226559 -0.487142 0.1
4.32238 7.43433 0.322316 0.231476 0.47543 0.156497 0.9
4.41463 7.51936 0.292645 0.335357 -0.0989026 0.34627 0.3
4.51612 7.70737 0.0456797 0.291367 -0.411609 -0.0733179 0.6
4.58833 8.14883 0.114782 0.68965 0.0767798 0.442537 0.9
4.59748 8.21916 0.0681691 0.716964 -0.466124 0.273143 0.1
4.60336 8.29117 0.0494518 0.723296 -0.187173 0.0633162 0.1
4.60785 8.36377 0.0403201 0.728634 -0.0913168 0.053381 0.1
4.84606 8.92629 0.436098 0.396401 0.395778 -0.332233 1
5.26481 9.27201 0.494465 0.371869 0.0648517 -0.0272576 0.9
5.681 9.43056 0.694661 0.0811482 0.285995 -0.415315 0.7
6.1491 9.42785 0.642768 -0.0889004 -0.0741335 -0.242927 0.7
6.21312 9.4182 0.637467 -0.104188 -0.0530075 -0.15288 0.1
6.27728 9.40689 0.645798 -0.122037 0.0833164 -0.178484 0.1
6.55937 9.38331 0.482556 0.0277444 -0.326485 0.299563 0.5
6.68601 9.38549 0.361721 -0.0132082 -0.402782 -0.136509 0.3
6.76113 9.37576 0.389517 -0.0841528 0.138978 -0.354723 0.2
6.79904 9.36486 0.368556 -0.133852 -0.209607 -0.496996 0.1
7.0293 9.18433 0.289343 -0.381939 -0.113161 -0.354409 0.7
7.27348 8.8592 0.199016 -0.268326 -0.0903275 0.113613 1
7.4686 8.51962 0.191221 -0.410839 -0.00779511 -0.142513 1
7.53165 8.35678 0.124044 -0.403334 -0.167942 0.0187622 0.4
7.59751 8.19351 0.139399 -0.249764 0.0307092 0.307139 0.5
7.72765 8.03514 0.232412 -0.202719 0.132876 0.0672078 0.7
7.77511 7.98744 0.242227 -0.274225 0.0490783 -0.357531 0.2
7.82039 7.73193 -0.1416 -0.29359 -0.426475 -0.0215164 0.9
7.79115 7.65338 -0.0533473 -0.230054 0.294176 0.211784 0.3
7.76879 7.56423 -0.0957115 -0.364304 -0.141214 -0.447499 0.3
7.80342 7.28163 0.194642 -0.443114 0.414791 -0.112586 0.7
7.89612 7.13424 0.268863 -0.293841 0.185553 0.373183 0.4
8.1725 6.84048 0.520792 -0.545475 0.359898 -0.359477 0.7
8.32139 6.69824 0.471791 -0.402763 -0.163336 0.475708 0.3
8.56885 6.05292 0.0231414 -0.887878 -0.44865 -0.485115 1
8.43652 5.35956 -0.353969 -0.845523 -0.471388 0.052944 0.8
8.34792 5.10941 -0.236738 -0.822171 0.390772 0.0778404 0.3
8.29279 4.86754 -0.130775 -0.790268 0.353208 0.106342 0.3
8.17807 4.3757 -0.251633 -0.849205 -0.201429 -0.0982286 0.6
8.01599 3.91575 -0.396658 -0.990592 -0.290052 -0.282775 0.5
7.76853 3.15368 -0.098278 -0.533553 0.29838 0.45704 1
7.71461 2.92104 -0.171277 -0.629655 -0.182498 -0.240256 0.4
7.64295 2.72349 -0.306456 -0.687308 -0.450597 -0.192175 0.3
7.44183 2.32578 -0.498019 -0.903525 -0.383126 -0.432434 0.5
7.27261 2.0638 -0.630148 -0.843011 -0.44043 0.201712 0.3
7.14122 1.90446 -0.683736 -0.750429 -0.267938 0.462913 0.2
6.57766 1.11331 -0.443389 -0.831872 0.240347 -0.0814439 1
6.23181 0.541351 -0.42123 -0.598022 0.0276991 0.292313 0.8
5.94513 0.245589 -0.534386 -0.387854 -0.188593 0.350281 0.6
5.76901 0.146885 -0.639725 -0.27017 -0.35113 0.39228 0.3
5.38685 0.061168 -0.452161 0.0252636 0.267948 0.422048 0.7
4.78331 0.226844 -0.889048 0.342906 -0.48543 0.352936 0.9
4.60439 0.297221 -0.900134 0.360863 -0.0554311 0.0897858 0.2
4.31937 0.385244 -0.999981 0.225955 -0.332823 -0.449694 0.3
4.03658 0.459101 -0.885316 0.266426 0.382216 0.134902 0.3
3.71115 0.554404 -0.741815 0.210089 0.358753 -0.140841 0.4
3.08492 0.582898 -0.649814 -0.146769 0.102223 -0.39651 0.9
3.0215 0.567931 -0.618528 -0.15258 0.31286 -0.0581032 0.1
2.95867 0.554104 -0.638129 -0.123964 -0.19601 0.28616 0.1
2.63072 0.454832 -0.455015 -0.206942 0.30519 -0.138296 0.6
2.58716 0.435469 -0.416171 -0.180326 0.388435 0.266153 0.1
2.32334 0.358918 -0.639135 -0.125878 -0.445927 0.108896 0.5
2.05922 0.308195 -0.681478 -0.127735 -0.105857 -0.00464209 0.4
1.26568 0.210725 -0.905602 -0.0672056 -0.224124 0.0605296 1
0.734148 0.149602 -0.866157 -0.136537 0.0657419 -0.115552 0.6
