0.2 0.2 0 0 0 0 0
0.215394 0.139153 0.0384862 -0.152117 0.0481077 -0.190146 0.8
0.249963 0.0921039 0.06028 0.0176897 0.0311341 0.242581 0.7
0.457255 0.294255 0.354304 0.386612 0.294024 0.368923 1
0.726143 0.593306 0.243226 0.277945 -0.12342 -0.120742 0.9
0.761442 0.703743 -0.154981 -0.00185233 -0.497759 -0.349746 0.8
0.746918 0.701096 -0.135482 -0.051087 0.194991 -0.492346 0.1
0.806775 0.779607 0.268495 0.225558 0.448863 0.307383 0.9
0.831962 0.801001 0.235253 0.202308 -0.332424 -0.232495 0.1
1.1818 0.854467 0.464415 -0.0953745 0.229162 -0.297682 1
1.29933 0.809564 0.319142 -0.20398 -0.484243 -0.36202 0.3
1.44817 0.645932 0.177004 -0.341462 -0.236896 -0.229135 0.6
1.51937 0.56125 0.297613 -0.223084 0.40203 0.394592 0.3
1.93053 0.474992 0.524713 0.0505681 0.227099 0.273652 1
2.20349 0.553057 0.157696 0.144594 -0.458771 0.117533 0.8
2.2446 0.798525 -0.0663504 0.400891 -0.248941 0.284774 0.9
2.22795 1.10883 0.0108495 0.633465 0.128667 0.387624 0.6
2.22632 1.22779 -0.0270948 0.556122 -0.189722 -0.386714 0.2
2.1814 1.68991 -0.0852102 0.59918 -0.0726442 0.0538228 0.8
2.1729 1.74819 -0.0848719 0.566496 0.00338305 -0.326837 0.1
2.09538 2.17693 -0.0873799 0.386243 -0.00278665 -0.200282 0.9
2.08913 2.21428 -0.0377857 0.36072 0.495941 -0.255234 0.1
2.21221 2.42353 0.345503 0.16242 0.479111 -0.247875 0.8
2.29452 2.47055 0.203219 0.151069 -0.47428 -0.0378356 0.3
2.33331 2.5005 0.0553774 0.0485545 -0.492805 -0.341715 0.3
2.28571 2.44676 -0.161153 -0.167978 -0.240589 -0.240592 0.9
1.97678 2.49316 -0.456706 0.260781 -0.295553 0.42876 1
1.77504 2.5892 -0.350272 0.123393 0.212867 -0.274777 0.5
1.57341 2.73326 -0.225794 0.288208 0.177826 0.235451 0.7
1.3461 2.85161 -0.3425 0.00767092 -0.145882 -0.350672 0.8
1.22776 2.84022 -0.130839 -0.0532326 0.423321 -0.121807 0.5
1.21441 2.77996 0.0774354 -0.187824 0.416549 -0.269183 0.5
1.20804 2.71189 -0.109281 -0.152512 -0.466791 0.0882801 0.4
1.01472 2.37854 -0.277355 -0.514185 -0.168074 -0.361673 1
0.764226 2.06009 -0.348891 -0.28196 -0.0894199 0.290281 0.8
0.684823 2.01025 -0.445136 -0.216395 -0.481229 0.327823 0.2
0.519936 1.93194 -0.379298 -0.175166 0.164595 0.103073 0.4
0.48241 1.91627 -0.371229 -0.138122 0.0806888 0.370446 0.1
0.245319 1.7869 -0.15564 -0.149369 0.239544 -0.0124965 0.9
0.228589 1.77413 -0.178957 -0.106117 -0.233174 0.432515 0.1
0.1966 1.81465 0.0875605 0.22188 0.380739 0.468568 0.7
0.219786 1.86778 0.144296 0.309483 0.283676 0.438014 0.2
0.396921 1.98373 0.361805 0.0218036 0.310728 -0.410971 0.7
0.66975 2.124 0.183853 0.258728 -0.177952 0.236925 1
0.745661 2.21516 0.195702 0.197094 0.0296205 -0.154085 0.4
0.802924 2.3046 -0.00482801 0.101017 -0.334216 -0.16013 0.6
0.823538 2.31341 0.142257 -0.0422574 0.490284 -0.47758 0.3
0.951019 2.27977 0.282679 -0.0698827 0.234037 -0.0460421 0.6
1.1587 2.10532 0.236535 -0.366233 -0.0576807 -0.370438 0.8
1.18371 2.06851 0.263508 -0.369969 0.26973 -0.0373534 0.1
1.21176 2.02928 0.297558 -0.414672 0.340508 -0.447031 0.1
1.33906 1.88485 0.338926 -0.307503 0.10342 0.267922 0.4
1.51994 1.68259 0.384619 -0.501528 0.0913859 -0.38805 0.5
